0 1
0 2
0 3
0 4
0 5
0 6
0 7
0 8
0 9
0 10
0 11
0 12
0 13
0 14
0 15
0 16
0 17
0 18
0 19
0 20
0 21
0 22
0 23
0 24
0 25
0 26
0 27
0 28
0 29
0 30
0 31
0 32
0 33
0 34
0 35
0 36
0 37
0 38
0 39
0 40
0 41
0 42
0 43
0 44
0 45
0 46
0 47
0 48
0 49
0 50
0 51
0 52
0 53
0 54
0 55
0 56
0 57
0 58
0 59
0 60
0 61
0 62
0 63
0 64
0 65
0 66
0 67
0 68
0 69
0 70
0 71
0 72
0 73
0 74
0 75
0 76
0 77
0 78
0 79
0 80
0 81
0 82
0 83
0 84
0 85
0 86
0 87
0 88
0 89
0 90
0 91
0 92
0 93
0 94
0 95
0 96
0 97
0 98
0 99
1 48
1 53
1 54
1 73
1 88
1 92
2 20
3 9
3 25
3 26
3 67
3 72
3 85
4 78
5 87
6 89
6 95
7 22
7 31
7 38
7 65
7 87
8 91
9 21
9 25
9 26
9 30
9 56
9 66
9 67
9 69
9 72
9 75
9 79
9 85
10 67
13 21
13 26
13 56
13 59
13 65
13 67
13 82
13 98
14 20
14 28
14 41
16 29
16 82
17 19
17 41
19 41
19 89
20 41
20 44
21 25
21 26
21 31
21 39
21 40
21 55
21 56
21 66
21 67
21 88
21 98
22 87
23 51
23 61
23 83
23 99
24 53
24 57
24 80
24 92
24 94
25 26
25 31
25 39
25 40
25 51
25 56
25 65
25 67
25 69
25 72
25 73
25 76
25 79
25 83
25 84
25 88
25 94
25 98
26 40
26 55
26 56
26 62
26 66
26 67
26 69
26 72
26 79
26 98
27 54
28 41
29 40
29 82
30 48
30 56
30 73
31 51
31 67
31 83
31 84
32 93
33 42
39 69
40 56
40 67
40 72
40 77
41 44
41 93
45 67
48 53
48 54
48 57
48 73
48 80
48 88
51 83
51 84
53 54
53 88
53 92
53 94
55 56
55 67
56 59
56 60
56 62
56 63
56 66
56 67
56 72
56 75
56 82
56 88
56 98
57 80
57 92
59 82
59 98
62 67
62 96
62 98
65 82
66 67
67 69
67 72
67 75
67 79
67 82
67 98
68 99
73 88
75 85
80 88
80 92
80 94
82 84
82 98
83 84
89 95
92 94
