0.000000 0.000145 0.000003
0.000218 0.000118 0.000000
0.000000 0.000145 0.000003
0.000012 0.000345 0.000000
0.000062 0.000617 0.000034
0.000838 0.001818 0.000196
0.000095 0.000749 0.000067
0.000213 0.000894 0.000142
0.000000 0.000146 0.000001
0.000214 0.001070 0.000571
0.000005 0.000109 0.000000
0.000028 0.000496 0.000077
0.000026 0.000532 0.000014
0.000168 0.000659 0.000044
0.000000 0.000146 0.000002
0.000040 0.000739 0.000046
0.000028 0.000700 0.000209
0.000000 0.000146 0.000002
0.000030 0.001100 0.001246
0.000000 0.000145 0.000003
0.000000 0.000145 0.000003
0.000016 0.000807 0.000191
0.000000 0.000146 0.000001
0.000000 0.000145 0.000003
0.000000 0.000145 0.000003
0.000013 0.000568 0.001168
0.000000 0.000145 0.000003
0.001319 0.001584 0.000352
0.000000 0.000145 0.000004
0.000000 0.000145 0.000003
0.000000 0.000145 0.000003
0.000000 0.000145 0.000003
0.000000 0.000145 0.000003
0.000000 0.000145 0.000003
0.000000 0.000146 0.000002
0.000000 0.000145 0.000003
0.000000 0.000145 0.000003
0.000000 0.000145 0.000004
0.000000 0.000145 0.000003
0.000098 0.000908 0.000569
0.000000 0.000145 0.000003
0.000000 0.000145 0.000003
0.000037 0.000971 0.001158
0.000000 0.000145 0.000003
0.000026 0.000622 0.000701
0.000234 0.000973 0.000204
0.001207 0.000904 0.000785
0.000000 0.000144 0.000006
0.000000 0.000146 0.000002
0.000119 0.000746 0.000063
0.000107 0.000585 0.000004
0.000051 0.000907 0.000652
0.000000 0.000145 0.000003
0.001299 0.000830 0.000172
0.001692 0.000688 0.000009
0.000142 0.000910 0.000375
0.003353 0.000477 0.000474
0.000000 0.000145 0.000003
0.000000 0.000147 0.000001
0.000010 0.000565 0.000042
0.000013 0.000950 0.000447
0.000000 0.000146 0.000002
0.000022 0.000876 0.000421
0.000000 0.000145 0.000003
0.000000 0.000145 0.000003
0.000000 0.000146 0.000002
0.000000 0.000145 0.000003
0.000000 0.000146 0.000002
0.000000 0.000145 0.000003
0.000037 0.000812 0.001392
0.000000 0.000147 0.000000
0.001689 0.000815 0.000159
0.004167 0.000686 0.000238
0.001138 0.001074 0.000373
0.003136 0.000893 0.000474
0.001272 0.000796 0.000086
0.004931 0.000590 0.000512
0.004394 0.000424 0.001009
0.009168 0.000287 0.000575
0.004575 0.000463 0.000798
0.001645 0.001129 0.000767
0.001627 0.001067 0.000386
0.000897 0.001106 0.000389
0.009612 0.000213 0.000126
0.007644 0.000176 0.000914
0.000037 0.001190 0.001068
0.002825 0.000834 0.000962
0.001215 0.000977 0.000199
0.005934 0.000586 0.000614
0.001493 0.001238 0.000238
0.005380 0.000526 0.000824
0.004385 0.000907 0.000291
0.003887 0.000762 0.000659
0.000534 0.001077 0.000021
0.004880 0.000606 0.000881
0.003021 0.000692 0.000301
0.003570 0.000699 0.000801
0.000916 0.001046 0.000102
0.003247 0.000766 0.000835
0.003458 0.001102 0.000089
0.001230 0.001121 0.000391
0.001403 0.001041 0.000415
0.000981 0.000948 0.000132
0.000783 0.000635 0.000014
0.002642 0.001158 0.000655
0.003944 0.000738 0.000276
0.003614 0.001136 0.000399
0.000023 0.000692 0.000077
0.005888 0.000367 0.000079
0.000942 0.000787 0.000181
0.000639 0.000783 0.000035
0.000159 0.000911 0.000143
0.000178 0.000937 0.000174
0.000575 0.000884 0.000026
0.000003 0.000807 0.000747
0.000006 0.000756 0.000838
0.001461 0.000822 0.000174
0.000494 0.000831 0.000086
0.000828 0.000996 0.000368
0.001134 0.000882 0.000145
0.000011 0.000824 0.000604
0.000051 0.000987 0.000347
0.003329 0.000721 0.000966
0.009366 0.000315 0.000468
0.003972 0.000632 0.000035
0.002741 0.000952 0.000435
0.002345 0.000919 0.000422
0.002059 0.000882 0.000112
0.004655 0.000856 0.000386
0.004423 0.000580 0.000964
0.001371 0.000958 0.000282
0.000944 0.000849 0.000187
0.005400 0.000680 0.000222
0.003790 0.000909 0.000320
0.004536 0.000881 0.000334
0.000727 0.001226 0.000006
0.001038 0.000828 0.000083
0.001175 0.000794 0.000011
0.001630 0.000777 0.000176
0.001303 0.001025 0.000286
0.001169 0.000729 0.000063
0.001455 0.001025 0.000213
0.001546 0.000914 0.000091
0.002386 0.000931 0.000379
0.001860 0.000795 0.000042
0.001357 0.000908 0.000428
0.001831 0.000748 0.000047
0.005175 0.000613 0.000532
0.001817 0.000884 0.000037
0.002228 0.001136 0.000493
0.000878 0.001020 0.000204
0.001108 0.001033 0.000231
0.000746 0.000916 0.000104
0.000811 0.000915 0.000066
0.000860 0.000902 0.000127
0.000173 0.001176 0.000048
0.000002 0.000440 0.000000
0.001112 0.000905 0.000088
0.000320 0.000871 0.000053
0.000656 0.000976 0.000382
0.000489 0.000830 0.000050
0.000261 0.000986 0.000362
0.000393 0.000838 0.000316
0.000652 0.001013 0.000177
0.000386 0.000970 0.000005
0.001632 0.000819 0.000207
0.000635 0.000836 0.000116
0.002286 0.001165 0.000218
0.000575 0.001169 0.000057
0.005139 0.000113 0.001242
0.001692 0.000928 0.000583
0.002114 0.000911 0.000405
0.000483 0.001186 0.000309
0.004939 0.000821 0.000458
0.001124 0.000897 0.000594
0.000769 0.000854 0.000199
0.001272 0.001045 0.000233
0.001067 0.000981 0.000176
0.001350 0.001086 0.000606
0.000735 0.000947 0.000189
0.002157 0.000896 0.000426
0.001652 0.001106 0.000492
0.000160 0.001044 0.000276
0.002505 0.000983 0.000907
0.002167 0.001404 0.000572
0.001610 0.001140 0.000616
0.001772 0.000895 0.000862
0.000372 0.000924 0.000485
0.000530 0.000891 0.000150
0.001026 0.001200 0.000520
0.000684 0.000965 0.000103
0.001740 0.001079 0.000278
0.000015 0.001394 0.000087
0.000808 0.001352 0.000348
0.001093 0.000933 0.000844
0.000067 0.000938 0.000265
0.000180 0.000810 0.000118
0.000765 0.000878 0.000280
0.000000 0.000518 0.000006
0.000093 0.000557 0.000005
0.000029 0.000663 0.000030
0.000000 0.000644 0.000561
0.000000 0.000640 0.000569
0.000000 0.000501 0.000017
0.000100 0.001143 0.001886
0.001756 0.001094 0.000420
0.002483 0.001036 0.000624
0.000000 0.000515 0.000012
0.000264 0.001136 0.000687
0.001423 0.001129 0.000274
0.000230 0.001057 0.000060
0.000030 0.001294 0.000765
0.000157 0.000802 0.000273
0.000283 0.001118 0.001039
0.000002 0.000930 0.000416
0.000000 0.000659 0.000534
0.002054 0.000896 0.000926
0.000657 0.001837 0.000205
0.004385 0.000786 0.000643
0.000236 0.001225 0.001013
0.000173 0.001288 0.001492
0.000000 0.000643 0.000563
0.000364 0.001053 0.000299
0.000006 0.000366 0.000000
0.003795 0.000914 0.000738
0.001075 0.000917 0.000137
0.000001 0.000812 0.000185
0.000382 0.000739 0.000019
0.000071 0.000637 0.000004
0.000000 0.000641 0.000567
0.000106 0.000924 0.000041
0.000606 0.000866 0.000134
0.000284 0.001267 0.000224
0.000000 0.000521 0.000008
0.000013 0.000750 0.000083
0.000274 0.001067 0.000546
0.000024 0.000955 0.000239
0.000025 0.000867 0.000626
0.000000 0.000500 0.000014
0.001096 0.001058 0.001028
0.000000 0.000501 0.000017
0.001887 0.000767 0.001067
0.000000 0.000640 0.000568
0.002798 0.000959 0.000201
0.000996 0.000951 0.000169
0.001623 0.000891 0.002038
0.006151 0.000919 0.000303
0.002010 0.000747 0.000979
0.001150 0.000902 0.000491
0.002051 0.001039 0.000524
0.002155 0.000702 0.001026
0.001002 0.001105 0.000170
0.002022 0.001155 0.000879
0.001169 0.001490 0.000952
0.004354 0.000920 0.000375
0.001917 0.001070 0.001084
0.002855 0.001047 0.000819
0.002262 0.000966 0.000375
0.001453 0.001103 0.000408
0.001180 0.001013 0.000168
0.000919 0.001052 0.000425
0.000282 0.001168 0.000523
0.001697 0.001110 0.000591
0.000540 0.001284 0.001177
0.000276 0.001696 0.000499
0.002774 0.000827 0.000843
0.000069 0.001028 0.002808
0.000275 0.001199 0.000454
0.001309 0.001129 0.000624
0.001199 0.001021 0.000240
0.000050 0.000880 0.001862
0.000458 0.000989 0.000280
0.001929 0.001069 0.000671
0.001705 0.001016 0.000342
0.003898 0.000848 0.000499
0.002433 0.001010 0.001049
0.003528 0.000923 0.000903
0.002075 0.001234 0.000198
0.001314 0.001782 0.000296
0.001035 0.001338 0.000339
0.003651 0.000881 0.000984
0.001538 0.001031 0.000362
0.000177 0.001150 0.003788
0.003758 0.000536 0.001168
0.003899 0.001342 0.000044
0.001508 0.000975 0.001276
0.002228 0.000923 0.000946
0.001818 0.001237 0.000298
0.000400 0.001256 0.001821
0.001269 0.000989 0.000242
0.001241 0.000969 0.000493
0.000107 0.001001 0.000168
0.000551 0.001033 0.000342
0.000458 0.001233 0.000356
0.000193 0.000959 0.000089
0.000391 0.000894 0.000257
0.002928 0.000876 0.000777
0.000455 0.000952 0.000263
0.000746 0.001229 0.001410
0.000124 0.001005 0.000977
0.001852 0.000952 0.000934
0.000412 0.001157 0.000643
0.000000 0.000951 0.001494
0.000493 0.001223 0.000523
0.001127 0.001222 0.000749
0.002523 0.001239 0.000166
0.002633 0.001127 0.000157
0.000216 0.001165 0.000903
0.002266 0.000802 0.000568
0.003473 0.001348 0.000274
0.001280 0.001203 0.001416
0.001177 0.001450 0.000165
0.002958 0.000928 0.000747
0.001444 0.001134 0.000570
0.001887 0.001110 0.000325
0.002941 0.000906 0.000890
0.001017 0.001382 0.000784
0.001769 0.001126 0.000609
0.002647 0.001431 0.000030
0.001436 0.001263 0.000705
0.000256 0.001314 0.000634
0.002862 0.000926 0.000566
0.001748 0.001152 0.000463
0.002674 0.000941 0.000672
0.002420 0.001109 0.000797
0.004946 0.000866 0.000445
0.003456 0.000934 0.000553
0.001546 0.001312 0.000385
0.004252 0.000993 0.000385
0.005255 0.000652 0.000502
0.003138 0.000667 0.001188
0.001046 0.001253 0.000603
0.000576 0.001644 0.000363
0.002120 0.001130 0.000978
0.002611 0.000963 0.000911
0.002000 0.001241 0.000474
0.004783 0.000808 0.000339
0.003371 0.000972 0.000953
0.006560 0.000577 0.000683
0.001022 0.001239 0.000352
0.003113 0.000983 0.000344
0.001460 0.001316 0.001106
0.004223 0.001013 0.000532
0.002297 0.000975 0.000745
0.002802 0.001040 0.000631
0.002418 0.001085 0.000849
0.000929 0.001285 0.000511
0.001102 0.001305 0.000511
0.001698 0.001084 0.000941
0.003197 0.001028 0.000544
0.002582 0.001123 0.000925
0.002333 0.000911 0.000986
0.002782 0.000793 0.001048
0.001976 0.001618 0.000172
0.000265 0.001242 0.001053
0.002903 0.000772 0.000886
0.002313 0.000851 0.000915
0.002620 0.001106 0.000393
0.001607 0.000924 0.000669
0.000834 0.001123 0.001482
0.002624 0.001032 0.000572
0.002163 0.001138 0.000777
0.002252 0.001408 0.000058
0.001567 0.001259 0.000648
0.002896 0.001014 0.001078
0.003262 0.001158 0.000785
0.001809 0.001412 0.000885
0.000720 0.001658 0.000139
0.000905 0.001226 0.000570
0.001437 0.001405 0.001031
0.001363 0.001163 0.000491
0.001479 0.001317 0.000235
0.000744 0.001508 0.001454
0.001092 0.000784 0.001926
0.000590 0.001507 0.000791
0.003139 0.000793 0.001012
0.000985 0.000961 0.002467
0.001465 0.001417 0.000715
0.002637 0.000784 0.001449
0.001554 0.001392 0.001126
0.001334 0.001171 0.000736
0.000260 0.001128 0.000848
0.002051 0.001114 0.000350
0.000501 0.001257 0.000530
0.000262 0.001018 0.000054
0.000379 0.001141 0.000461
0.000558 0.001069 0.000360
0.000748 0.001077 0.000526
0.000631 0.001028 0.001137
0.000433 0.001084 0.000053
0.001211 0.001075 0.000491
0.001451 0.001142 0.000489
0.003002 0.001022 0.000595
0.000868 0.001316 0.000826
0.001615 0.000788 0.001029
0.000351 0.001193 0.001802
0.000132 0.001512 0.001809
0.000443 0.000900 0.000233
0.000037 0.001096 0.001448
0.001733 0.001165 0.000660
0.000042 0.000988 0.001624
0.000910 0.001166 0.001000
0.000044 0.000794 0.003542
0.000705 0.001218 0.000310
0.002054 0.001171 0.000616
0.004847 0.000764 0.000520
0.003136 0.000644 0.001284
0.000039 0.001049 0.001530
0.000042 0.000841 0.003459
0.000860 0.001453 0.000893
0.001286 0.000881 0.000416
0.000443 0.001147 0.000225
0.000325 0.000894 0.003031
0.000034 0.000975 0.003223
0.000708 0.001245 0.001197
0.000042 0.000828 0.003481
0.000563 0.000973 0.000271
0.001204 0.001166 0.000669
0.000571 0.001241 0.000941
0.001856 0.001156 0.000644
0.002147 0.001295 0.000112
0.000293 0.001428 0.001249
0.000519 0.001284 0.000705
0.000856 0.001187 0.000684
0.001637 0.001117 0.000913
0.000045 0.000781 0.003565
0.000779 0.001462 0.000533
0.000040 0.000870 0.003407
0.001955 0.001587 0.000113
0.004224 0.000585 0.001194
0.002944 0.001379 0.000356
0.001733 0.001163 0.001476
0.002216 0.000990 0.000977
0.000451 0.001491 0.001193
0.001070 0.001272 0.000743
0.000339 0.001210 0.002154
0.001697 0.001390 0.000855
0.000331 0.001441 0.000314
0.000346 0.001495 0.001712
0.000191 0.001225 0.003475
0.001104 0.001290 0.001168
0.002860 0.001054 0.000570
0.000509 0.001037 0.000521
0.001897 0.000926 0.000907
0.000273 0.001210 0.000273
0.000802 0.001074 0.000541
0.000178 0.001127 0.000535
0.000149 0.001061 0.001335
0.000708 0.001113 0.001303
0.001421 0.001069 0.000908
0.000342 0.001491 0.000303
0.001078 0.001611 0.000010
0.000362 0.001328 0.000058
0.001628 0.001012 0.000399
0.002976 0.001090 0.000473
0.002466 0.001000 0.000526
0.000098 0.000935 0.000616
0.000218 0.001304 0.000493
0.002144 0.001123 0.000716
0.002420 0.001124 0.000550
0.000740 0.001366 0.000382
0.002248 0.001181 0.000174
0.001036 0.001149 0.000319
0.001077 0.001460 0.000750
0.001326 0.001280 0.001354
0.001245 0.001253 0.001293
0.000469 0.000900 0.000294
0.000197 0.000938 0.000108
0.000564 0.001402 0.000186
0.001919 0.001279 0.000789
0.002505 0.000486 0.001435
0.003172 0.000910 0.000866
0.002011 0.000971 0.000784
0.002503 0.001159 0.000187
0.001182 0.001074 0.000868
0.000554 0.001263 0.000951
0.001053 0.001227 0.000600
0.004230 0.000609 0.001162
0.005873 0.000466 0.000744
0.000325 0.000975 0.000757
0.000459 0.001306 0.001588
0.000179 0.001209 0.002141
0.001719 0.000971 0.000739
0.002032 0.000836 0.001362
0.002688 0.000942 0.000551
0.004702 0.000572 0.001053
0.001119 0.001093 0.001368
0.002860 0.001168 0.000454
0.002046 0.001226 0.000335
0.002155 0.000921 0.000968
0.000587 0.001258 0.001806
0.000590 0.001177 0.001165
0.002457 0.000961 0.001000
0.005004 0.000753 0.000729
0.002277 0.001148 0.000592
0.001231 0.001226 0.000295
0.000693 0.001342 0.000610
0.000360 0.001253 0.001315
0.001226 0.001171 0.000692
0.004502 0.000899 0.000103
0.001495 0.001183 0.000937
0.002384 0.001373 0.000623
0.002547 0.001084 0.000449
0.000193 0.001484 0.002441
0.000991 0.001450 0.000609
0.001184 0.001202 0.001581
0.002018 0.000903 0.000963
0.001948 0.000910 0.000849
0.001867 0.001216 0.000837
0.000934 0.001319 0.000474
0.001706 0.000885 0.000539
0.002429 0.000912 0.000711
0.000284 0.001303 0.003846
0.001713 0.001088 0.001147
0.000900 0.001183 0.000833
0.000923 0.001210 0.001150
0.001126 0.001304 0.001304
0.001399 0.001175 0.000732
0.002322 0.001094 0.000610
0.003336 0.000821 0.000962
0.001318 0.001038 0.001312
0.001166 0.001296 0.001323
0.001077 0.001220 0.001240
0.001101 0.001347 0.001123
0.000492 0.001450 0.001227
0.001052 0.001253 0.000947
0.001303 0.001141 0.000264
0.000648 0.001300 0.001640
0.002114 0.001152 0.000549
0.001993 0.001122 0.000336
0.000793 0.001290 0.001392
0.003139 0.001098 0.000649
0.001839 0.001365 0.000481
0.002056 0.001102 0.000980
0.001120 0.001103 0.001152
0.002058 0.001131 0.000461
0.003088 0.000889 0.000811
0.001538 0.001145 0.000458
0.001869 0.001316 0.000950
0.001596 0.000923 0.000821
0.001129 0.001243 0.001264
0.001714 0.001143 0.001038
0.000603 0.002267 0.000286
0.001332 0.001259 0.000832
0.001134 0.001264 0.001528
0.001588 0.001215 0.000668
0.001192 0.001273 0.001366
0.002616 0.001002 0.000763
0.001108 0.001202 0.001155
0.000739 0.001370 0.000880
0.000430 0.001689 0.001147
0.001660 0.001526 0.000371
0.001046 0.001231 0.000839
0.000678 0.001413 0.000780
0.001218 0.001257 0.000674
0.000750 0.001189 0.001841
0.000918 0.001271 0.000736
0.000519 0.001407 0.001506
0.000415 0.001469 0.000974
0.001682 0.000928 0.000678
0.001021 0.001852 0.000630
0.000993 0.001287 0.000597
0.001539 0.001003 0.000786
0.002554 0.000888 0.000809
0.002620 0.000978 0.000981
0.000907 0.001429 0.001451
0.002233 0.001256 0.000721
0.002214 0.001112 0.001089
0.001373 0.001202 0.000740
0.001879 0.000941 0.000635
0.000279 0.001509 0.002486
0.002929 0.001013 0.000307
0.002875 0.001268 0.000381
0.001042 0.001384 0.000847
0.001489 0.001103 0.000818
0.001720 0.001099 0.000550
0.000338 0.001248 0.000906
0.002464 0.000918 0.000843
0.000886 0.001197 0.000702
0.000466 0.001171 0.002293
0.000111 0.001213 0.003966
0.001200 0.001302 0.001294
0.001596 0.001248 0.000863
0.000956 0.001239 0.001553
0.001038 0.001317 0.000914
0.000354 0.001052 0.002645
0.000455 0.001252 0.002391
0.000324 0.001205 0.001840
0.000704 0.001420 0.000680
0.000720 0.001401 0.000904
0.001689 0.001150 0.001121
0.001390 0.001343 0.000521
0.000669 0.000992 0.001459
0.001998 0.001107 0.000744
0.001041 0.001761 0.000529
0.000280 0.001583 0.001968
0.001027 0.001251 0.000586
0.000318 0.001909 0.001858
0.000165 0.000824 0.005576
0.001252 0.001110 0.000850
0.001761 0.001240 0.000908
0.000654 0.001214 0.001326
0.000439 0.001371 0.001730
0.000938 0.000919 0.000741
0.000471 0.001774 0.001557
0.000631 0.001323 0.001635
0.001376 0.001185 0.001131
0.000498 0.001180 0.000240
0.001017 0.001458 0.000736
0.001183 0.001131 0.002031
0.000993 0.001254 0.000932
0.000014 0.001173 0.000603
0.000017 0.001129 0.000681
0.000000 0.000653 0.004660
0.000025 0.001012 0.000202
0.000150 0.001076 0.000316
0.000457 0.000827 0.000124
0.000000 0.000974 0.001281
0.000000 0.000680 0.004611
0.000035 0.000836 0.002820
0.000583 0.001515 0.000258
0.000436 0.000922 0.000026
0.000000 0.000974 0.001282
0.000000 0.000680 0.004610
0.000000 0.000653 0.004660
0.000000 0.000654 0.004658
0.000005 0.000620 0.004715
0.000149 0.001277 0.001054
0.000000 0.000724 0.004529
0.000158 0.001107 0.000535
0.001065 0.001562 0.000339
0.000222 0.001181 0.001181
0.001053 0.001164 0.000308
0.000266 0.001201 0.000311
0.000015 0.001072 0.000585
0.000073 0.001335 0.001785
0.000111 0.000782 0.000037
0.000000 0.000654 0.004658
0.000000 0.000657 0.004651
0.000480 0.001205 0.000697
0.000931 0.001240 0.000072
0.000000 0.000655 0.004655
0.000102 0.001238 0.001047
0.000000 0.000651 0.004663
0.000000 0.000654 0.004658
0.000000 0.000654 0.004658
0.000000 0.000662 0.004643
0.000077 0.001055 0.000769
0.000125 0.001056 0.001028
0.001612 0.000996 0.000095
0.000014 0.000840 0.001879
0.000001 0.000648 0.004667
0.000000 0.001020 0.001308
0.000000 0.000658 0.004651
0.000283 0.000959 0.000326
0.000000 0.000690 0.004592
0.000121 0.001363 0.000660
0.000000 0.000656 0.004654
0.000000 0.000664 0.004640
0.000000 0.000660 0.004646
0.000000 0.000660 0.004647
0.000225 0.001066 0.000263
0.000001 0.000649 0.004666
0.001574 0.001201 0.000467
0.000600 0.000989 0.000630
0.000001 0.001170 0.001949
0.000579 0.001292 0.000432
0.000000 0.001527 0.000310
0.000227 0.001202 0.002478
0.000000 0.000658 0.004651
0.000109 0.001128 0.002110
0.000000 0.000654 0.004658
0.000143 0.001274 0.000723
0.000089 0.000984 0.001639
0.000000 0.000656 0.004653
0.000000 0.000672 0.004625
0.000000 0.000652 0.004661
0.000228 0.001153 0.000570
0.000584 0.001331 0.000914
0.002513 0.000968 0.000056
0.000253 0.001235 0.000613
0.000206 0.001210 0.000208
0.000001 0.000650 0.004665
0.000000 0.000654 0.004657
0.000009 0.000553 0.004832
0.000039 0.000944 0.003774
0.000000 0.000660 0.004647
0.000035 0.001145 0.001007
0.000000 0.000655 0.004656
0.000000 0.000655 0.004655
0.000931 0.001451 0.000399
0.000429 0.001556 0.000095
0.000348 0.001127 0.000302
0.000303 0.001222 0.000147
0.000021 0.001017 0.000806
0.000376 0.000915 0.000300
0.000078 0.000986 0.003093
0.000214 0.001442 0.001524
0.001016 0.000904 0.000920
0.000040 0.001060 0.001291
0.000448 0.000919 0.000443
0.000007 0.000574 0.004795
0.000000 0.000652 0.004660
0.000006 0.001404 0.000355
0.000000 0.000662 0.004643
0.000634 0.001025 0.000926
0.000370 0.001140 0.001226
0.001368 0.001064 0.000398
0.000074 0.001292 0.000406
0.000467 0.000955 0.000089
0.000000 0.000656 0.004654
0.000032 0.000936 0.002991
0.000000 0.000653 0.004659
0.000104 0.001080 0.001267
0.000000 0.000654 0.004658
0.001504 0.000956 0.000481
0.000263 0.001106 0.000663
0.000860 0.001151 0.001035
0.000155 0.001232 0.000117
0.000012 0.000716 0.001768
0.000007 0.000579 0.004787
0.000000 0.000651 0.004662
0.000015 0.001134 0.002280
0.000000 0.000655 0.004657
0.000134 0.001014 0.003605
0.001473 0.001039 0.000182
0.000099 0.001004 0.001115
0.000013 0.001167 0.000545
0.000001 0.000647 0.004669
0.002091 0.001218 0.000135
0.000000 0.000653 0.004660
0.000498 0.001558 0.000542
0.000658 0.001254 0.001006
0.000481 0.001247 0.000637
0.001310 0.001237 0.000787
0.000075 0.000943 0.000152
0.000010 0.000813 0.001165
0.000141 0.000732 0.000007
0.000638 0.001093 0.000240
0.001173 0.001262 0.000749
0.001675 0.000948 0.000177
0.000640 0.000835 0.000018
0.000928 0.001028 0.000839
0.000351 0.001257 0.000838
0.001166 0.000936 0.001021
0.000152 0.000919 0.000063
0.000043 0.000913 0.000001
0.000723 0.001113 0.000194
0.000181 0.001192 0.002195
0.000831 0.001317 0.000275
0.000681 0.001497 0.000470
0.001681 0.000894 0.000015
0.000213 0.000923 0.000409
0.000405 0.000895 0.000255
0.000575 0.001247 0.001114
0.000031 0.000986 0.000057
0.000426 0.000862 0.000116
0.000034 0.001058 0.000037
0.000057 0.001097 0.000236
0.000062 0.000994 0.000418
0.002535 0.000673 0.000499
0.000067 0.000977 0.000404
0.000828 0.001357 0.000439
0.000264 0.001339 0.001864
0.001016 0.001064 0.000995
0.001718 0.001125 0.000289
0.000323 0.000830 0.001467
0.000066 0.001447 0.000081
0.000279 0.001180 0.001326
0.000040 0.000936 0.000316
0.000152 0.001192 0.000677
0.000072 0.001157 0.000266
0.000014 0.001164 0.000268
0.000000 0.000943 0.000921
0.000111 0.000957 0.000139
0.000079 0.000903 0.000091
0.000078 0.000904 0.000090
0.000079 0.000889 0.000116
0.000080 0.000875 0.000142
0.000036 0.001117 0.000059
0.000374 0.001093 0.000662
0.000175 0.001252 0.000866
0.000760 0.000981 0.000411
0.001464 0.001178 0.000788
0.000908 0.001077 0.000745
0.003237 0.000925 0.000650
0.000506 0.001022 0.000459
0.001539 0.001071 0.000928
0.000698 0.000932 0.001024
0.001291 0.001093 0.000508
0.000712 0.001477 0.000196
0.000409 0.001134 0.000257
0.000273 0.001222 0.000529
0.001555 0.001125 0.000534
0.000170 0.001192 0.000988
0.000858 0.001146 0.001817
0.000480 0.001789 0.000581
0.000241 0.000983 0.002113
0.001612 0.001090 0.001223
0.001020 0.001193 0.001080
0.000900 0.001379 0.000107
0.001449 0.001035 0.001096
0.000479 0.001697 0.000261
0.000459 0.001037 0.001262
0.000351 0.001593 0.000688
0.001187 0.001210 0.001053
0.000881 0.001265 0.000575
0.000570 0.001292 0.000972
0.001320 0.001221 0.000137
0.001244 0.001241 0.000735
0.000289 0.001187 0.000107
0.000001 0.000087 0.000000
0.000001 0.000087 0.000000
0.000021 0.000585 0.000312
0.000217 0.001188 0.000793
0.000409 0.001333 0.001123
0.001018 0.001231 0.000978
0.000800 0.000999 0.001061
0.000954 0.001427 0.000144
0.000074 0.000086 0.000000
0.000093 0.000389 0.000012
0.000025 0.000164 0.000000
0.000064 0.000153 0.000000
0.000068 0.000165 0.000000
0.000050 0.000252 0.000000
0.000047 0.000241 0.000000
0.000109 0.000269 0.000001
0.000246 0.000530 0.000131
0.000032 0.000123 0.000000
0.000081 0.000404 0.000054
0.000084 0.000514 0.000134
0.001569 0.001275 0.001370
0.001437 0.001187 0.000880
0.001217 0.001292 0.000658
0.000897 0.001092 0.000992
0.000419 0.001452 0.001622
0.000636 0.001061 0.000318
0.002217 0.001076 0.000620
0.000811 0.001402 0.001550
0.001858 0.001145 0.000803
0.001571 0.001132 0.000876
0.000771 0.001391 0.000632
0.001345 0.001592 0.000202
0.000035 0.002594 0.000345
0.000180 0.001326 0.001910
0.000465 0.001400 0.001275
0.001054 0.001210 0.001467
0.000854 0.001265 0.000620
0.000167 0.001111 0.003822
0.000193 0.001448 0.001093
0.001019 0.001384 0.000946
0.000569 0.001117 0.000577
0.000520 0.001115 0.001133
0.000553 0.001119 0.000148
0.000318 0.001316 0.000881
0.000414 0.001493 0.001185
0.000789 0.001487 0.000639
0.000735 0.001110 0.000310
0.000502 0.001368 0.000775
0.000556 0.001376 0.000481
0.000774 0.001247 0.000630
0.001214 0.001188 0.000397
0.000303 0.001316 0.001554
0.000519 0.001389 0.000816
0.000832 0.001428 0.000885
0.000483 0.001204 0.000545
0.000370 0.001355 0.000532
0.000731 0.001178 0.000670
0.000545 0.001398 0.000658
0.000975 0.001271 0.000750
0.000069 0.000236 0.000006
0.000031 0.000344 0.000195
0.000707 0.001034 0.000111
0.000387 0.001287 0.000705
0.001383 0.001063 0.000950
0.000073 0.001211 0.001878
0.000101 0.001255 0.001694
0.000273 0.001373 0.001963
0.000611 0.001392 0.001033
0.001319 0.001314 0.000616
0.000428 0.001337 0.001223
0.000363 0.001186 0.000605
0.000714 0.001080 0.001362
0.000730 0.001432 0.000094
0.000375 0.001419 0.000573
0.000480 0.001366 0.000462
0.000406 0.001129 0.000315
0.000117 0.001270 0.000600
0.001048 0.001391 0.000680
0.000000 0.000456 0.008805
0.000719 0.001260 0.000563
0.000701 0.001318 0.001384
0.000285 0.001241 0.002466
0.000206 0.001432 0.000227
0.000154 0.001232 0.001735
0.000164 0.001285 0.000666
0.000137 0.001178 0.002492
0.000293 0.001340 0.001283
0.000166 0.001063 0.000980
0.000212 0.001182 0.000556
0.000164 0.001371 0.001186
0.000000 0.000455 0.008806
0.000576 0.001447 0.000881
0.000220 0.001148 0.000154
0.000073 0.001209 0.001142
0.000132 0.001325 0.002118
0.000003 0.001077 0.004822
0.000351 0.001329 0.000356
0.000076 0.001352 0.002329
0.000000 0.000455 0.008807
0.000697 0.001198 0.000755
0.000610 0.001096 0.000972
0.000074 0.001160 0.002233
0.000100 0.001179 0.002043
0.000142 0.001355 0.001999
0.000244 0.001463 0.001179
0.000162 0.001362 0.002112
0.000128 0.001497 0.001514
0.000357 0.001357 0.001010
0.000000 0.000450 0.008816
0.000072 0.001254 0.001150
0.000236 0.001611 0.001392
0.000000 0.000474 0.008772
0.000052 0.001205 0.003261
0.000105 0.001167 0.001174
0.000072 0.001743 0.000161
0.000181 0.001319 0.002320
0.000408 0.001600 0.001581
0.000464 0.001387 0.001029
0.000136 0.001277 0.000884
0.000026 0.001147 0.001190
0.000000 0.000454 0.008809
0.000046 0.001464 0.000723
0.000000 0.000447 0.008821
0.000025 0.000961 0.005185
0.000122 0.001243 0.001329
0.000104 0.001245 0.000397
0.000593 0.001245 0.001175
0.000114 0.001278 0.001146
0.000274 0.001132 0.001096
0.000398 0.001035 0.000098
0.000290 0.001312 0.002587
0.000029 0.001465 0.003031
0.000089 0.001319 0.001482
0.000262 0.001142 0.000430
0.000113 0.001185 0.001149
0.000239 0.001399 0.000508
0.000633 0.001194 0.000751
0.000088 0.001222 0.000890
0.000082 0.001315 0.000727
0.000060 0.001338 0.001733
0.000450 0.001153 0.001053
0.000095 0.001296 0.000688
0.000000 0.001115 0.004345
0.000128 0.001222 0.002377
0.000480 0.001191 0.000751
0.000015 0.001334 0.002378
0.000020 0.001264 0.002499
0.000150 0.001421 0.001324
0.000901 0.001570 0.000149
0.000094 0.001484 0.000911
0.000103 0.001345 0.001155
0.000643 0.001213 0.000667
0.000076 0.001475 0.002173
0.000000 0.001004 0.003379
0.000116 0.001840 0.000188
0.000275 0.001275 0.000967
0.000155 0.001326 0.001871
0.000000 0.000473 0.008773
0.000107 0.001330 0.000756
0.000020 0.000916 0.004391
0.000084 0.001416 0.000700
0.000091 0.001296 0.000910
0.000000 0.000455 0.008806
0.000151 0.001238 0.001601
0.000177 0.001265 0.002435
0.000000 0.000469 0.008781
0.000000 0.001406 0.001817
0.000014 0.001289 0.002014
0.000077 0.001331 0.002805
0.000613 0.001081 0.000154
0.000027 0.000122 0.000000
0.000031 0.000100 0.000000
0.000028 0.000143 0.000000
0.000002 0.000054 0.000000
0.000004 0.000051 0.000000
0.000000 0.000058 0.000000
0.000011 0.000072 0.000000
0.000002 0.000091 0.000000
0.000000 0.000058 0.000000
0.000008 0.000063 0.000000
0.000006 0.000055 0.000000
0.000009 0.000058 0.000000
0.000005 0.000061 0.000000
0.000005 0.000061 0.000000
0.000005 0.000059 0.000000
0.000002 0.000037 0.000000
0.000002 0.000037 0.000000
0.000002 0.000037 0.000000
0.000002 0.000037 0.000000
