0.000700 0.308784 0.734586
0.410013 0.134306 0.286499
0.040472 0.722494 0.786749
0.007894 0.770561 0.718897
0.055861 0.515739 0.947637
0.028180 0.725292 0.021885
0.946238 0.410613 0.256121
0.201859 0.677626 0.837614
0.175177 0.756870 0.104127
0.821825 0.634056 0.319077
0.992405 0.790347 0.738783
0.262716 0.541821 0.746577
0.846308 0.441491 0.029579
0.342860 0.491056 0.766264
0.679225 0.829120 0.282802
0.122614 0.411112 0.190966
0.297991 0.541921 0.933547
0.665534 0.214350 0.048766
0.240931 0.782552 0.155191
0.363046 0.258819 0.250025
0.796742 0.704807 0.693215
0.004797 0.974518 0.322874
0.097232 0.920955 0.107425
0.991806 0.668532 0.823424
0.625562 0.426701 0.358149
0.097332 0.107924 0.926651
0.764665 0.687719 0.721495
0.917058 0.815629 0.041971
0.527031 0.075147 0.600779
0.058359 0.189967 0.428300
0.349655 0.204957 0.473668
0.233636 0.133806 0.351654
0.944339 0.858199 0.690816
0.517538 0.313081 0.774258
0.636754 0.367243 0.111522
0.657540 0.256820 0.510643
0.412211 0.247627 0.309483
0.043370 0.144599 0.544319
0.420805 0.326971 0.762966
0.509244 0.794644 0.778455
0.489457 0.774758 0.571600
0.463376 0.975817 0.753473
0.747177 0.968122 0.356850
0.666733 0.457979 0.879484
0.515239 0.012791 0.932048
0.860997 0.925952 0.455881
0.953133 0.311482 0.782752
0.529130 0.001499 0.804537
0.288398 0.592885 0.287799
0.471070 0.372439 0.833916
0.257320 0.445488 0.508344
0.111922 0.405416 0.533726
0.602079 0.488958 0.839912
0.475467 0.599081 0.879884
0.263116 0.289697 0.023484
0.937744 0.518237 0.621865
0.508844 0.046767 0.501549
0.398021 0.698011 0.979314
0.297392 0.420106 0.018187
0.028380 0.099231 0.660338
0.491956 0.448986 0.052263
0.784851 0.455481 0.205256
0.034576 0.691316 0.452383
0.409214 0.638553 0.732687
0.857600 0.569002 0.602178
0.675927 0.659139 0.248326
0.618267 0.777955 0.554612
0.678625 0.707305 0.367443
0.485460 0.295993 0.802538
0.549016 0.208354 0.830619
0.087339 0.411012 0.003997
0.478765 0.769062 0.914360
0.767463 0.922854 0.659838
0.557110 0.352853 0.187968
0.688918 0.965124 0.747777
0.089937 0.272209 0.303887
0.573099 0.267912 0.264215
0.346358 0.034976 0.439193
0.729289 0.500650 0.715299
0.324973 0.023583 0.124713
0.337464 0.394724 0.528030
0.944839 0.793045 0.786949
0.381833 0.409014 0.264615
0.094234 0.311882 0.530629
0.806036 0.092935 0.881283
0.880684 0.758869 0.843510
0.206356 0.091236 0.702808
0.953832 0.620266 0.517338
0.939143 0.135805 0.091036
0.328870 0.315379 0.074548
0.478965 0.143000 0.552813
0.313181 0.961227 0.455981
0.140102 0.130709 0.555611
0.548316 0.899570 0.096033
0.677326 0.276706 0.717498
0.438293 0.046567 0.127611
0.759568 0.152293 0.940941
0.501249 0.837114 0.240332
0.660737 0.239832 0.725892
0.143699 0.861597 0.047767
0.371240 0.590287 0.426601
0.171180 0.278105 0.335065
0.907465 0.866593 0.396223
0.332567 0.233237 0.385930
0.074748 0.852903 0.781453
0.098531 0.351554 0.757370
0.038973 0.917957 0.498351
0.415009 0.482762 0.247827
0.683422 0.681823 0.690317
0.582692 0.216948 0.909963
0.540821 0.876886 0.654042
0.712901 0.837714 0.362146
0.576097 0.876986 0.841011
0.532128 0.610573 0.381333
0.474168 0.168482 0.229939
0.215949 0.040272 0.348556
0.148296 0.462176 0.732187
0.922754 0.472869 0.737883
0.579994 0.168782 0.790846
0.673628 0.358849 0.406116
0.842510 0.336664 0.898971
0.974218 0.761967 0.639552
0.602378 0.049865 0.297592
0.794044 0.656640 0.574098
0.137604 0.456480 0.074948
0.226841 0.419906 0.644249
0.389927 0.553513 0.621965
0.695813 0.865994 0.274408
0.417208 0.596083 0.270810
0.686320 0.103927 0.447886
0.995603 0.773359 0.954032
0.994204 0.155791 0.484861
0.174178 0.887179 0.911862
0.093235 0.442190 0.338363
0.077446 0.901069 0.900570
0.965724 0.869591 0.005296
0.909363 0.419007 0.961527
0.016888 0.597782 0.449286
0.613171 0.242530 0.774058
0.262816 0.728790 0.565804
0.619167 0.460678 0.927651
0.634356 0.879984 0.450085
0.108924 0.796343 0.956930
0.416309 0.913361 0.897772
0.730589 0.931248 0.365244
0.372140 0.273009 0.799640
0.126911 0.450784 0.417708
0.530928 0.366943 0.550615
0.199860 0.938243 0.453083
0.717997 0.373139 0.142700
0.991906 0.855501 0.642650
0.398421 0.445888 0.256221
0.388828 0.496852 0.610473
0.194364 0.654942 0.395623
0.210752 0.317877 0.748776
0.959628 0.464475 0.032477
0.764965 0.248626 0.179175
0.235635 0.873189 0.736185
0.401519 0.241931 0.652243
0.347457 0.091636 0.450685
0.230738 0.711702 0.594084
0.531428 0.301789 0.646747
0.064155 0.034176 0.943440
0.175477 0.317778 0.561807
0.140402 0.691616 0.013291
0.866893 0.957130 0.790247
0.551814 0.443490 0.768962
0.727391 0.948236 0.149995
0.640652 0.659039 0.061357
0.799041 0.005096 0.535425
0.780554 0.415809 0.978515
0.801639 0.866294 0.835315
0.874888 0.914660 0.328370
0.380534 0.978415 0.614670
0.047067 0.062456 0.855701
0.016588 0.036874 0.991606
0.294594 0.184971 0.079844
0.388328 0.562007 0.514340
0.330069 0.559009 0.905266
0.753273 0.373239 0.329669
0.811132 0.628360 0.661837
0.296492 0.737384 0.645148
0.072649 0.926551 0.577696
0.868492 0.948636 0.897871
0.917558 0.750475 0.138103
0.391326 0.171080 0.091136
0.515839 0.134606 0.847407
0.498151 0.041071 0.844309
0.702109 0.645048 0.885680
0.107325 0.804837 0.849305
0.050565 0.606376 0.528630
0.066653 0.708404 0.424103
0.496952 0.797442 0.013590
0.427801 0.414810 0.108824
0.609373 0.137704 0.643450
0.894174 0.999700 0.439093
0.542320 0.681423 0.942440
0.305786 0.125512 0.833217
0.948536 0.710902 0.098331
0.977616 0.118917 0.493255
0.879584 0.702208 0.832018
0.704907 0.880184 0.824023
0.747377 0.342061 0.995303
0.212451 0.496353 0.675627
0.098231 0.790647 0.299690
0.720396 0.860398 0.804137
0.540522 0.315979 0.196363
0.394324 0.780154 0.667932
0.701609 0.710203 0.789547
0.243030 0.708904 0.358949
0.593085 0.661737 0.109523
0.918157 0.872289 0.053463
0.028480 0.286200 0.479564
0.264815 0.468172 0.950335
0.076347 0.844409 0.889078
0.464275 0.658539 0.126511
0.702908 0.140801 0.439492
0.290197 0.958329 0.033876
0.382532 0.717798 0.999201
0.504247 0.446188 0.817128
0.846507 0.815429 0.668032
0.888578 0.529429 0.562406
0.262216 0.606975 0.650445
0.982013 0.345558 0.539223
0.885380 0.546418 0.347157
0.530728 0.993005 0.912161
0.654142 0.899870 0.656940
0.135005 0.595283 0.775057
0.132507 0.921055 0.294394
0.811032 0.441391 0.842610
0.523633 0.718197 0.747077
0.781153 0.537624 0.893874
0.438793 0.981413 0.223743
0.623863 0.248226 0.431298
0.958729 0.781753 0.659438
0.809234 0.075947 0.096532
0.612171 0.372839 0.581793
0.534226 0.536924 0.585090
0.704207 0.571400 0.089437
0.337364 0.207755 0.708804
0.171980 0.773858 0.888878
0.090337 0.020086 0.580793
0.664535 0.344659 0.856500
0.512341 0.590687 0.174478
0.448086 0.369541 0.411812
0.499750 0.032577 0.951934
0.067853 0.952034 0.254822
0.771260 0.027681 0.790447
0.925752 0.081943 0.314680
0.765764 0.744379 0.732987
0.418507 0.026681 0.920755
0.733487 0.353353 0.122814
0.785050 0.829419 0.843709
0.580294 0.729689 0.248526
0.992205 0.416409 0.100330
0.716998 0.503448 0.950435
0.263316 0.663635 0.661937
0.483462 0.556610 0.418007
0.091836 0.824623 0.869192
0.257420 0.632457 0.327571
0.884781 0.424603 0.431798
0.893574 0.877885 0.523733
0.905166 0.566304 0.554012
0.556810 0.791946 0.730289
0.370341 0.907565 0.053563
0.215449 0.105426 0.252423
0.284001 0.366244 0.241831
0.465274 0.528230 0.318777
0.431498 0.332667 0.420206
0.205156 0.847607 0.872090
0.679524 0.390027 0.740482
0.441191 0.468672 0.885180
0.172479 0.708704 0.985010
0.954632 0.116019 0.071150
0.122015 0.289297 0.275607
0.660837 0.426801 0.545118
0.916558 0.880783 0.945838
0.662736 0.979215 0.110423
0.600879 0.245328 0.009194
0.201159 0.368842 0.103028
0.765164 0.622564 0.817628
0.781353 0.911562 0.532327
0.984511 0.019786 0.019886
0.206855 0.026082 0.798941
0.818127 0.716199 0.007695
0.396622 0.080444 0.510143
0.477366 0.151494 0.445188
0.947437 0.654242 0.086839
0.476167 0.907864 0.614470
0.673129 0.424003 0.309983
0.978215 0.240731 0.408614
0.516738 0.817328 0.220446
0.453882 0.213750 0.926951
0.325572 0.145398 0.040072
0.974618 0.509843 0.916458
0.693814 0.126611 0.889877
0.960028 0.212351 0.309383
0.856401 0.325372 0.771460
0.401619 0.428900 0.471470
0.120316 0.110822 0.348756
0.522234 0.100630 0.277905
0.961127 0.269012 0.320875
0.357850 0.536425 0.650245
0.608074 0.707105 0.993505
0.847007 0.750275 0.764165
0.752873 0.625362 0.052763
0.719696 0.551614 0.069551
0.130509 0.181673 0.909863
0.353852 0.057660 0.881183
0.693714 0.939642 0.070651
0.187169 0.193165 0.411312
0.564905 0.936444 0.087639
0.971920 0.461677 0.797342
0.826621 0.608574 0.641951
0.089637 0.711302 0.846208
0.254522 0.210353 0.570001
0.471870 0.868192 0.387729
0.440192 0.598981 0.692915
0.443889 0.516838 0.004297
0.039672 0.226741 0.232937
0.825022 0.617068 0.534326
0.723893 0.404317 0.477066
0.590587 0.987509 0.628860
0.596682 0.392625 0.601679
0.741081 0.563006 0.384031
0.522334 0.287599 0.097132
0.733986 0.288198 0.218947
0.649345 0.925352 0.334066
0.037774 0.674328 0.667633
0.140702 0.252523 0.470970
0.185470 0.014690 0.484461
0.426302 0.610273 0.820426
0.016488 0.849905 0.172379
0.521735 0.165784 0.181773
0.096832 0.173079 0.830519
0.900370 0.591786 0.231138
0.459578 0.870990 0.622864
0.378535 0.239033 0.230139
0.589887 0.678725 0.894274
0.186669 0.258319 0.315179
0.700610 0.840512 0.597282
0.514440 0.517038 0.378235
0.678125 0.772459 0.271310
0.621165 0.200060 0.312181
0.091536 0.263715 0.411512
0.938843 0.574898 0.633357
0.010293 0.257820 0.380334
0.604477 0.976217 0.501349
0.024083 0.059558 0.433596
0.259019 0.623963 0.435195
0.250525 0.731588 0.800939
0.557510 0.100729 0.464875
0.780354 0.041871 0.340062
0.255921 0.827920 0.039173
0.291896 0.136804 0.960727
0.521135 0.043969 0.266414
0.459678 0.057959 0.442091
0.151394 0.258219 0.128210
0.881383 0.067653 0.578095
0.616369 0.225542 0.989307
0.994304 0.342760 0.304087
0.947037 0.906366 0.809933
0.384731 0.831118 0.022184
0.507145 0.868292 0.574698
0.259418 0.371840 0.712102
0.341961 0.808334 0.393225
0.723494 0.656440 0.200160
0.499151 0.910762 0.036574
0.430699 0.836914 0.866394
0.022284 0.694114 0.687519
0.347557 0.278605 0.269911
0.003597 0.730888 0.492155
0.822924 0.690716 0.330569
0.493854 0.001399 0.617568
0.469172 0.820026 0.268612
0.572999 0.080943 0.444989
0.573499 0.015789 0.541121
0.437794 0.111722 0.031478
0.895273 0.056361 0.450585
0.043769 0.892475 0.821225
0.512241 0.403717 0.355251
0.675227 0.350355 0.513740
0.208254 0.643649 0.268112
0.638153 0.984811 0.580694
0.477566 0.525432 0.083641
0.493155 0.692615 0.882982
0.059159 0.685720 0.982113
0.532527 0.358449 0.658239
0.565604 0.245228 0.822224
0.381933 0.595983 0.083841
0.867093 0.331068 0.428700
0.097532 0.481863 0.565104
0.310383 0.726092 0.517638
0.500050 0.593485 0.409613
0.386429 0.009593 0.949036
0.645748 0.194464 0.841911
0.214850 0.983611 0.337064
0.646847 0.251124 0.853403
0.716299 0.194664 0.215849
0.853303 0.529329 0.375437
0.442990 0.834116 0.631258
0.083941 0.054062 0.150295
0.201559 0.116718 0.379934
0.856600 0.699310 0.409913
0.947337 0.467273 0.267613
0.703308 0.888678 0.716399
0.381633 0.035075 0.626162
0.548516 0.273509 0.734486
0.223044 0.315079 0.513640
0.021285 0.824423 0.495253
0.618967 0.086739 0.289198
0.088638 0.841611 0.653942
0.525932 0.018487 0.589287
0.556910 0.978915 0.549515
0.143200 0.926751 0.951634
0.506945 0.494354 0.936245
0.713700 0.333467 0.915959
0.758969 0.030479 0.025582
0.864095 0.721995 0.851904
0.911762 0.906266 0.622964
0.565504 0.058259 0.002998
0.609074 0.576796 0.185770
0.575597 0.942141 0.744879
0.667833 0.514640 0.890976
0.016688 0.223843 0.810832
0.067453 0.204157 0.977915
0.679824 0.950934 0.198161
0.759768 0.526232 0.579394
0.046967 0.875487 0.036474
0.243729 0.017688 0.093535
0.003098 0.796043 0.396023
0.958629 0.594784 0.840212
0.036375 0.056760 0.198461
0.320676 0.983911 0.897971
0.104527 0.569701 0.910962
0.410513 0.069152 0.382632
0.904767 0.818427 0.277106
0.465374 0.715199 0.138003
0.204357 0.351854 0.318277
0.496652 0.236534 0.555911
0.109224 0.357250 0.414610
0.734886 0.970920 0.591986
0.605076 0.098031 0.416708
0.661237 0.174678 0.822025
0.007994 0.957530 0.538123
0.828720 0.534926 0.845708
0.319676 0.114220 0.705706
0.375937 0.377836 0.930249
0.495553 0.179874 0.544419
0.607775 0.146198 0.535825
0.528430 0.692715 0.069951
0.878385 0.458579 0.001299
0.430599 0.649945 0.047167
0.249425 0.674928 0.789447
0.056061 0.889677 0.586090
0.573898 0.763665 0.818027
0.529230 0.188468 0.623763
0.061257 0.612072 0.185870
0.762566 0.761367 0.517738
0.687019 0.412711 0.182472
0.405616 0.907665 0.240532
0.034676 0.878285 0.271610
0.182073 0.657740 0.630758
0.149096 0.957929 0.286000
0.105626 0.626362 0.922454
0.911962 0.280204 0.261417
0.111222 0.096632 0.799141
0.192066 0.354652 0.553413
0.434996 0.876586 0.093135
0.255221 0.519137 0.304587
0.881883 0.002498 0.674228
0.480664 0.321475 0.479664
0.451784 0.287399 0.723194
0.095533 0.742480 0.180574
0.853203 0.342360 0.556211
0.670131 0.814930 0.733187
0.792445 0.665134 0.466473
0.771860 0.149495 0.705806
0.562906 0.197062 0.703108
0.514740 0.077945 0.835915
0.996702 0.830019 0.965524
0.495653 0.366843 0.363645
0.380634 0.165384 0.433896
0.819926 0.081643 0.753772
0.308084 0.425802 0.675427
0.724293 0.152193 0.753972
0.682023 0.064255 0.221145
0.762666 0.948336 0.336964
0.459878 0.431898 0.080544
0.697112 0.296592 0.924353
0.464375 0.845508 0.945738
0.475767 0.159988 0.337564
0.581693 0.347257 0.717698
0.812231 0.685020 0.673329
0.797941 0.948436 0.523933
0.279105 0.204757 0.099730
0.595183 0.588088 0.313281
0.148196 0.275207 0.912961
0.149895 0.453682 0.839812
0.288498 0.779854 0.107025
0.243929 0.391626 0.731988
0.548816 0.834416 0.192165
0.541621 0.372639 0.207855
0.895773 0.991206 0.546717
0.908064 0.988408 0.311582
0.969721 0.348356 0.774358
0.823723 0.186469 0.884381
0.676726 0.154892 0.802139
0.801139 0.931448 0.739183
0.010593 0.818727 0.838013
0.923054 0.033776 0.195563
0.898571 0.226342 0.485060
0.548116 0.525632 0.457580
0.131608 0.238333 0.921355
0.855301 0.268712 0.759968
0.900170 0.217848 0.592685
0.913860 0.832617 0.826721
0.795543 0.461177 0.862496
0.730489 0.744279 0.546018
0.599281 0.253822 0.901569
0.835415 0.061857 0.733886
0.101229 0.399720 0.876486
0.906166 0.435995 0.746278
0.285400 0.983811 0.711002
0.285300 0.796842 0.891776
0.512441 0.777656 0.993704
0.220945 0.388728 0.309883
0.791246 0.421505 0.635755
0.497552 0.919257 0.928950
0.064955 0.529929 0.497252
0.358349 0.471270 0.746378
0.472369 0.803038 0.483861
0.304487 0.694914 0.183272
0.901369 0.461477 0.423404
0.188168 0.062856 0.603577
0.293495 0.128310 0.068352
0.886879 0.350954 0.635555
0.123613 0.280803 0.383232
0.026581 0.733786 0.914260
0.580494 0.103627 0.886979
0.537923 0.454782 0.896472
0.299990 0.281303 0.318077
0.122714 0.598081 0.010193
0.070850 0.561107 0.831618
0.957030 0.603278 0.732587
0.670631 0.749775 0.829319
0.656740 0.761067 0.956830
0.229339 0.094134 0.124913
0.711402 0.033177 0.073748
0.983212 0.589188 0.369941
0.159688 0.776656 0.124013
0.028680 0.660138 0.118017
0.810533 0.506545 0.746477
0.659338 0.622264 0.256720
0.323673 0.592985 0.474768
0.290297 0.145298 0.853103
0.155391 0.736984 0.897272
0.795743 0.835115 0.500949
0.276207 0.782652 0.342160
0.182272 0.031678 0.269212
0.694814 0.996303 0.082143
0.688618 0.404217 0.290097
0.771360 0.214650 0.609673
0.698611 0.101129 0.212751
0.057260 0.133307 0.416808
0.848206 0.993904 0.594884
0.027181 0.855601 0.829619
0.217648 0.218747 0.275407
0.286899 0.788348 0.999400
0.878185 0.084641 0.362846
0.884881 0.611572 0.251024
0.666433 0.897072 0.421805
0.196662 0.955231 0.237834
0.986509 0.759169 0.404417
0.664035 0.409813 0.760368
0.648046 0.494754 0.684121
0.990607 0.424903 0.992705
0.351254 0.196462 0.581293
0.599380 0.440791 0.720795
0.608274 0.081043 0.631958
0.392725 0.788648 0.560308
0.335865 0.403218 0.420406
0.579095 0.486060 0.417808
0.717897 0.186170 0.323474
0.219047 0.836315 0.744579
0.106925 0.056960 0.572399
0.959129 0.529629 0.936345
0.900670 0.152693 0.688818
0.778155 0.928550 0.317078
0.253023 0.405816 0.281603
0.878985 0.580394 0.916658
0.067753 0.765064 0.435595
0.998401 0.008494 0.892375
0.634256 0.693015 0.630858
0.336065 0.777156 0.058859
0.124813 0.524433 0.213950
0.300889 0.964025 0.691116
0.078445 0.770760 0.092835
0.694314 0.061457 0.986010
0.824323 0.308284 0.799740
0.313880 0.270011 0.190567
0.550115 0.265014 0.842111
0.588788 0.622065 0.882782
0.685220 0.047267 0.436395
0.494154 0.562306 0.075247
0.787749 0.877586 0.962826
0.447487 0.247727 0.496452
0.862596 0.917458 0.563506
0.318877 0.618467 0.151894
0.193065 0.224343 0.745678
0.163585 0.068452 0.073848
0.170181 0.408414 0.142800
0.178875 0.674728 0.415509
0.417608 0.343959 0.547717
0.777756 0.180674 0.040172
0.161587 0.329070 0.689317
0.713001 0.024683 0.181373
0.348956 0.896173 0.739083
0.823623 0.999500 0.065154
0.903867 0.135705 0.904067
0.509643 0.542520 0.055361
0.580893 0.851504 0.163885
0.629359 0.531528 0.488758
0.465974 0.837014 0.053363
0.841511 0.466973 0.706705
0.245628 0.570101 0.658839
0.687419 0.160588 0.459378
0.497052 0.984411 0.832817
0.200660 0.433996 0.006895
0.900869 0.526631 0.327271
0.323873 0.966923 0.113221
0.836015 0.183671 0.649246
0.738383 0.514840 0.264915
0.655141 0.769561 0.849206
0.863595 0.787149 0.755771
0.047467 0.810333 0.132607
0.108024 0.113620 0.583891
0.460578 0.740682 0.815129
0.107125 0.430898 0.210852
0.504847 0.568002 0.732487
0.483661 0.930549 0.056460
0.637554 0.862996 0.665334
0.840412 0.410313 0.695213
0.744179 0.359049 0.780054
0.480963 0.882382 0.937344
0.770361 0.344959 0.417408
0.970021 0.909264 0.232038
0.142300 0.244029 0.578595
0.551214 0.321675 0.853602
0.090237 0.833117 0.761567
0.891676 0.325472 0.958429
0.220845 0.201759 0.490657
0.018387 0.402318 0.737684
0.206056 0.530329 0.245128
0.635255 0.562706 0.823124
0.064655 0.969022 0.039572
0.039772 0.413710 0.052163
0.597881 0.636255 0.432397
0.015389 0.793245 0.160887
0.020286 0.954732 0.302988
0.890377 0.894874 0.308484
0.173678 0.952333 0.815729
0.228940 0.346258 0.848006
0.619966 0.956430 0.481463
0.817228 0.033477 0.634656
0.440891 0.907765 0.427501
0.853902 0.651144 0.290796
0.080144 0.949236 0.019686
0.832917 0.387629 0.253223
0.779754 0.920056 0.424703
0.618767 0.712801 0.650744
0.542920 0.803238 0.857800
0.942940 0.240632 0.221645
0.697512 0.044469 0.201259
0.555811 0.922254 0.538023
0.641751 0.715699 0.072849
0.300490 0.216149 0.414210
0.987009 0.694014 0.500550
0.528330 0.505746 0.250724
0.105526 0.439392 0.103228
0.139103 0.261017 0.363346
0.819726 0.707705 0.115319
0.762366 0.387429 0.879285
0.141301 0.374338 0.386330
0.822624 0.129809 0.872889
0.175277 0.943839 0.923354
0.594684 0.653243 0.217148
0.283901 0.179275 0.422604
0.692415 0.509044 0.420706
0.140002 0.943739 0.736385
0.775457 0.880384 0.197961
0.385830 0.887779 0.033676
0.008594 0.079344 0.453483
0.465874 0.650045 0.234136
0.068652 0.447787 0.808634
0.954132 0.181173 0.975017
0.257720 0.193365 0.785250
0.203358 0.482162 0.126012
0.768062 0.044669 0.575197
0.194264 0.467972 0.576397
0.437893 0.298691 0.850705
0.668132 0.075547 0.348656
0.335265 0.281403 0.505046
0.941941 0.370940 0.029379
0.968922 0.852603 0.220546
0.640851 0.032977 0.699810
0.344759 0.043470 0.331568
0.363546 0.193664 0.346158
0.661037 0.800739 0.183571
0.462276 0.919157 0.741981
0.245728 0.757070 0.478065
0.460278 0.179774 0.357450
0.788548 0.373339 0.516638
0.630359 0.401219 0.681023
0.194564 0.028880 0.034076
0.756470 0.356251 0.544919
0.542620 0.242330 0.400120
0.624363 0.183072 0.527431
0.823024 0.877686 0.149795
0.266713 0.020586 0.515639
0.760668 0.208954 0.952433
0.002698 0.048166 0.119117
0.867193 0.518037 0.247926
0.870391 0.501049 0.463176
0.601879 0.115019 0.201459
0.929749 0.560708 0.083741
0.680124 0.511842 0.655841
0.078345 0.583791 0.273608
0.921455 0.042270 0.087938
0.532827 0.919356 0.115919
0.884181 0.302788 0.516438
0.256421 0.762766 0.135305
0.156191 0.232737 0.451084
0.978615 0.988608 0.685520
0.608174 0.894074 0.812731
0.619866 0.769461 0.662236
0.044369 0.014290 0.736584
0.149395 0.518837 0.743679
0.424203 0.683921 0.616668
0.786449 0.446987 0.312881
0.400320 0.998301 0.821525
0.073149 0.861397 0.673828
0.732787 0.044569 0.388228
0.375037 0.695113 0.557210
0.539822 0.007195 0.461777
0.984311 0.645848 0.381433
0.661137 0.987709 0.002798
0.235135 0.938343 0.640052
0.537224 0.145998 0.161887
0.889977 0.146997 0.031578
0.082242 0.875587 0.223444
0.062956 0.790547 0.112721
0.901169 0.087539 0.784951
0.642450 0.024483 0.807435
0.710503 0.350455 0.700710
0.027481 0.416508 0.287299
0.536225 0.276307 0.969621
0.161387 0.955131 0.050864
0.167283 0.986310 0.385230
0.765964 0.118317 0.371440
0.964225 0.065054 0.716898
0.316478 0.131208 0.490457
0.644449 0.763865 0.191966
0.167683 0.734186 0.662137
0.857400 0.195063 0.963725
0.130209 0.620765 0.452183
0.035275 0.000100 0.186969
0.819227 0.772859 0.019187
0.898071 0.291496 0.388928
0.683821 0.429699 0.967223
0.674128 0.293694 0.502248
0.706805 0.432597 0.389327
0.431698 0.706605 0.058659
0.750874 0.885980 0.668232
0.262516 0.167882 0.108124
0.300590 0.403118 0.233437
0.759868 0.713201 0.398621
0.819826 0.894674 0.934546
0.535225 0.406615 0.777356
0.432797 0.763266 0.070151
0.252323 0.097032 0.547017
0.468972 0.446088 0.630159
0.027281 0.042570 0.648846
0.990507 0.237933 0.173479
0.578395 0.177276 0.683222
0.307884 0.051864 0.036974
0.178575 0.113820 0.957830
0.099031 0.286400 0.853503
0.903268 0.013890 0.988708
0.872489 0.427401 0.666933
0.831918 0.517937 0.060957
0.051164 0.728190 0.443989
0.703807 0.823524 0.812531
0.245928 0.131008 0.116518
0.005996 0.218147 0.153592
0.371540 0.151194 0.884281
0.489757 0.335665 0.029280
0.781953 0.033377 0.447687
0.621665 0.134906 0.408314
0.955831 0.359648 0.901869
0.396323 0.519536 0.052463
0.158789 0.093934 0.750974
0.072949 0.487459 0.035375
0.187069 0.006196 0.592086
0.792046 0.917258 0.189567
0.680424 0.072749 0.113521
0.396922 0.641351 0.967823
0.795943 0.209054 0.139402
0.821925 0.821025 0.138303
0.765264 0.809533 0.636854
0.554212 0.930748 0.430399
0.276007 0.408714 0.703707
0.636554 0.993305 0.473069
0.111822 0.218447 0.714500
0.829220 0.469771 0.941841
0.183971 0.210153 0.196063
0.833417 0.322474 0.349355
0.644049 0.015989 0.915059
0.076247 0.657440 0.069851
0.691416 0.639352 0.228440
0.411412 0.751874 0.755671
0.860498 0.991106 0.359748
0.088838 0.215549 0.292395
0.071650 0.056860 0.385430
0.139902 0.756770 0.917158
0.002598 0.861197 0.299890
0.094334 0.498851 0.349855
0.578895 0.112122 0.779354
0.172179 0.147797 0.527331
0.636055 0.058459 0.376936
0.247527 0.122514 0.224143
0.371740 0.525132 0.522734
0.035475 0.374038 0.825422
0.364945 0.811232 0.815329
0.481063 0.069351 0.756570
0.543220 0.364145 0.315479
0.261517 0.298191 0.915859
0.572000 0.211252 0.252723
0.844909 0.823923 0.560408
0.522834 0.222444 0.193265
0.598281 0.384131 0.709303
0.106825 0.869991 0.753173
0.186270 0.510443 0.038273
0.609174 0.763765 0.004997
0.348456 0.961327 0.642950
0.959328 0.903568 0.574798
0.446388 0.191066 0.484961
0.361147 0.706406 0.684721
0.112421 0.340262 0.629859
0.466374 0.584891 0.330269
0.932947 0.543719 0.298991
0.411612 0.125812 0.394124
0.406216 0.029479 0.155891
0.671830 0.993405 0.660038
0.931048 0.991306 0.733686
0.727291 0.761267 0.330768
0.867793 0.639852 0.163286
0.507545 0.616169 0.851604
0.350854 0.448586 0.304387
0.507944 0.364045 0.128510
0.442290 0.525332 0.896672
0.673928 0.919756 0.863795
0.161087 0.394224 0.593185
0.848706 0.928750 0.691016
0.891476 0.951534 0.319976
0.675127 0.163386 0.694514
0.435395 0.624463 0.370041
0.346657 0.595883 0.896872
0.047866 0.558209 0.409513
0.199460 0.190367 0.176177
0.626561 0.296393 0.550415
0.825922 0.299790 0.907365
0.679624 0.576996 0.559708
0.214050 0.487858 0.783252
0.463975 0.097632 0.668832
0.384331 0.083242 0.745278
0.415709 0.791546 0.982412
0.093435 0.816129 0.976816
0.623164 0.939442 0.696712
0.548716 0.647447 0.372939
0.768762 0.353453 0.309783
0.604277 0.602278 0.862896
0.478365 0.021185 0.637454
0.676027 0.846108 0.067553
0.391126 0.797142 0.452683
0.970121 0.096233 0.051264
0.915159 0.263216 0.476666
0.842710 0.710603 0.537424
0.519936 0.800340 0.435695
0.185370 0.827721 0.665234
0.653443 0.591086 0.922354
0.724993 0.460977 0.488558
0.092036 0.198561 0.507645
0.803138 0.670830 0.123713
0.467773 0.202458 0.799440
0.752973 0.812331 0.871990
0.492555 0.570800 0.967623
0.422005 0.570601 0.593684
0.783552 0.024883 0.555311
0.987409 0.441891 0.777456
0.619766 0.582492 0.843010
0.271510 0.995103 0.838513
0.857899 0.129909 0.059858
0.994504 0.716698 0.942540
0.492755 0.944739 0.606076
0.967723 0.608974 0.389827
0.366543 0.802738 0.922954
0.846807 0.376337 0.125712
0.207155 0.586989 0.256620
0.136704 0.773758 0.701909
0.271110 0.247227 0.561607
0.766463 0.053163 0.467573
0.828520 0.160987 0.207255
0.773958 0.075847 0.909563
0.792945 0.599980 0.562606
0.636155 0.245428 0.196163
0.020386 0.141701 0.122214
0.663236 0.914060 0.206555
0.465174 0.341261 0.499550
0.658639 0.313481 0.522135
0.913660 0.458679 0.188268
0.249825 0.422804 0.066354
0.147497 0.966424 0.178375
0.739882 0.319376 0.553313
0.248026 0.057360 0.320276
0.236035 0.621065 0.013091
0.492955 0.318677 0.244529
0.513441 0.647347 0.185970
0.949535 0.580594 0.290597
0.706206 0.310782 0.473968
0.794544 0.591486 0.670231
0.001899 0.552413 0.565304
0.684321 0.364545 0.063356
0.538423 0.389627 0.992605
0.164285 0.377236 0.808434
0.580194 0.542720 0.429299
0.219346 0.397222 0.202258
0.425502 0.114520 0.266613
0.833616 0.696413 0.987809
0.189767 0.054362 0.711202
0.659239 0.435295 0.437494
0.550814 0.573798 0.576696
0.998801 0.756371 0.169282
0.725692 0.769761 0.223144
0.502049 0.332867 0.794144
0.843609 0.393325 0.910463
0.475667 0.973019 0.518337
0.808834 0.328070 0.819626
0.520735 0.296093 0.989507
0.368242 0.981213 0.849805
0.985410 0.702508 0.392925
0.162586 0.198761 0.881583
0.441591 0.216548 0.162087
0.263915 0.785450 0.577296
0.120616 0.671730 0.806435
0.840811 0.158189 0.972120
0.835615 0.435795 0.372339
0.646947 0.438093 0.672629
0.489158 0.213850 0.113920
0.144799 0.918257 0.059259
0.872689 0.801339 0.305386
0.377636 0.556311 0.857100
0.634156 0.506046 0.811632
0.563206 0.757969 0.160787
0.833317 0.135505 0.530129
0.871190 0.996802 0.016988
0.784751 0.268512 0.386030
0.261717 0.672130 0.554312
0.117718 0.249625 0.048866
0.427900 0.601779 0.928050
0.382232 0.156890 0.541521
0.185670 0.388628 0.122914
0.972020 0.648646 0.616568
0.599480 0.627761 0.540022
0.381133 0.100230 0.530029
0.684221 0.177576 0.244129
0.765564 0.370441 0.094534
0.872789 0.988308 0.124613
0.150495 0.575497 0.755171
0.925652 0.894974 0.495453
0.992905 0.725192 0.834916
0.127011 0.637754 0.236934
0.303787 0.386130 0.448686
0.491356 0.327171 0.136904
0.147697 0.340362 0.816828
0.285600 0.357750 0.349455
0.831018 0.835215 0.687918
0.095433 0.555511 0.361347
0.080344 0.323174 0.658139
0.378635 0.426002 0.049365
0.362746 0.697911 0.792345
0.478165 0.647247 0.999001
0.130309 0.807735 0.271410
0.808134 0.019286 0.085040
0.110722 0.161787 0.703008
0.327771 0.258719 0.063056
0.977516 0.931948 0.674028
0.106725 0.683022 0.933946
0.413411 0.491256 0.140202
0.317678 0.374838 0.321175
