12 1
27 1
70 1
72 1
84 1
115 1
13 2
20 2
28 2
45 2
73 2
84 2
113 2
116 2
127 2
7 3
9 3
14 3
16 3
19 3
29 3
30 3
31 3
33 3
34 3
39 3
40 3
44 3
70 3
82 3
117 3
8 4
9 4
16 4
20 4
30 4
31 4
32 4
33 4
34 4
38 4
40 4
47 4
67 4
76 4
77 4
11 5
16 6
12 7
16 7
17 7
25 7
47 7
4 8
9 8
13 8
16 8
43 8
47 8
30 9
32 9
35 9
72 9
74 9
80 9
81 9
101 9
117 9
6 10
15 10
18 10
28 10
48 10
74 10
75 10
5 11
7 11
16 11
49 11
74 11
78 11
1 12
7 12
9 12
15 12
21 12
36 12
72 12
79 12
80 12
113 12
115 12
8 13
9 13
35 13
36 13
73 13
81 13
114 13
116 13
35 14
36 14
90 14
2 15
7 15
9 15
46 15
47 15
73 15
5 16
6 16
7 16
8 16
9 16
43 16
46 16
47 16
7 17
11 17
25 17
8 18
9 18
1 19
7 19
25 19
29 19
31 19
33 19
34 19
72 19
80 19
82 19
84 19
2 20
8 20
9 20
30 20
32 20
33 20
34 20
36 20
73 20
12 21
15 21
16 21
25 21
46 21
47 21
8 22
15 22
20 22
46 22
47 22
25 23
26 24
7 25
23 25
8 26
9 26
43 26
29 27
34 27
35 27
72 27
74 27
30 28
36 28
73 28
75 28
127 28
3 29
30 29
31 29
33 29
35 29
29 30
32 30
34 30
36 30
30 31
32 31
34 31
36 31
41 31
29 32
31 32
33 32
35 32
41 32
29 33
31 33
34 33
30 34
32 34
33 34
29 35
33 35
30 36
34 36
2 37
32 37
33 37
38 37
39 37
40 37
45 37
81 37
84 37
114 37
116 37
4 38
31 38
34 38
37 38
39 38
40 38
84 38
113 38
115 38
29 39
31 39
32 39
33 39
36 39
38 39
30 40
31 40
32 40
34 40
35 40
37 40
39 40
36 41
5 42
12 42
15 42
17 42
44 42
2 43
6 43
13 43
15 43
16 43
45 43
84 43
1 44
9 44
12 44
31 44
72 44
114 44
2 45
13 45
18 45
32 45
73 45
84 45
116 45
7 46
8 46
9 46
29 46
72 46
4 47
8 47
9 47
46 47
30 48
35 48
36 48
49 48
73 48
75 48
27 49
29 49
35 49
72 49
74 49
36 50
54 50
56 50
66 50
68 50
74 50
76 50
77 50
82 50
91 50
100 50
106 50
113 50
120 50
124 50
128 50
35 51
55 51
57 51
67 51
69 51
75 51
76 51
77 51
87 51
92 51
99 51
105 51
114 51
121 51
125 51
129 51
3 52
36 52
58 52
66 52
70 52
76 52
77 52
82 52
87 52
99 52
107 52
122 52
18 53
35 53
59 53
65 53
67 53
71 53
76 53
77 53
83 53
85 53
88 53
100 53
108 53
123 53
56 54
82 54
91 54
83 55
92 55
36 56
54 56
87 56
89 56
90 56
91 56
92 56
95 56
35 57
55 57
87 57
88 57
89 57
90 57
91 57
92 57
94 57
127 57
56 58
82 58
87 58
130 58
57 59
65 59
83 59
88 59
27 60
54 60
68 60
74 60
82 60
94 60
95 60
120 60
51 61
55 61
77 61
79 61
83 61
93 61
94 61
95 61
121 61
35 62
56 62
68 62
70 62
76 62
79 62
89 62
90 62
95 62
96 62
126 62
57 63
67 63
69 63
71 63
79 63
89 63
94 63
96 63
123 63
125 63
49 64
58 64
70 64
72 64
79 64
82 64
94 64
95 64
96 64
122 64
59 65
71 65
73 65
79 65
83 65
94 65
95 65
96 65
123 65
127 65
36 66
50 66
52 66
58 66
74 66
87 66
88 66
89 66
91 66
94 66
102 66
117 66
118 66
119 66
128 66
35 67
36 67
51 67
53 67
55 67
59 67
63 67
75 67
88 67
89 67
90 67
92 67
95 67
117 67
118 67
119 67
77 68
88 68
111 68
76 69
77 69
87 69
100 69
112 69
58 70
64 70
76 70
79 70
82 70
92 70
109 70
59 71
65 71
77 71
79 71
83 71
91 71
95 71
110 71
73 72
85 72
86 72
87 72
88 72
89 72
90 72
91 72
92 72
105 72
117 72
118 72
119 72
53 73
57 73
85 73
87 73
88 73
89 73
90 73
91 73
92 73
102 73
105 73
106 73
107 73
117 73
118 73
119 73
9 74
27 74
29 74
32 74
34 74
35 74
36 74
72 74
119 74
30 75
35 75
73 75
79 75
117 75
29 76
30 76
80 76
81 76
86 76
98 76
113 76
117 76
118 76
119 76
29 77
30 77
114 77
117 77
118 77
119 77
93 78
2 79
12 79
13 79
28 79
49 79
50 79
51 79
52 79
53 79
63 79
68 79
69 79
70 79
71 79
72 79
73 79
74 79
75 79
82 79
83 79
95 79
96 79
131 79
29 80
31 80
32 80
74 80
89 80
90 80
98 80
102 80
103 80
104 80
118 80
29 81
31 81
32 81
39 81
75 81
89 81
90 81
98 81
103 81
104 81
117 81
118 81
68 82
69 83
12 84
13 84
27 84
49 84
72 84
73 84
126 84
127 84
72 85
73 85
89 85
91 85
102 85
108 85
116 85
118 85
72 86
73 86
87 86
90 86
92 86
96 86
101 86
107 86
117 86
119 86
92 87
91 88
67 89
72 89
73 89
88 89
90 89
97 89
72 90
73 90
87 90
89 90
73 91
87 91
88 91
87 92
112 92
74 93
75 93
118 96
89 97
90 97
9 98
90 98
90 99
95 100
29 101
80 101
81 101
9 102
30 102
66 102
80 102
81 102
97 102
29 103
67 103
80 103
81 103
98 103
118 103
30 104
80 104
81 104
117 104
30 113
93 113
104 113
29 114
93 114
103 114
96 115
101 115
96 116
102 116
72 117
73 117
119 117
72 118
73 118
72 119
73 119
86 119
87 119
117 119
54 120
82 120
88 120
94 120
83 121
92 121
93 121
95 121
129 121
82 122
94 122
95 122
96 122
57 123
83 123
91 123
95 123
96 123
31 124
50 124
56 124
77 124
88 124
107 124
114 124
126 124
32 125
51 125
57 125
63 125
77 125
89 125
90 125
105 125
108 125
113 125
127 125
27 126
31 126
35 126
40 126
72 126
76 126
28 127
31 127
32 127
36 127
71 127
73 127
77 127
83 127
90 127
108 127
36 128
74 128
88 128
91 128
117 128
118 128
35 129
36 129
75 129
87 129
92 129
117 129
118 129
32 130
36 130
58 130
72 130
74 130
79 130
87 130
92 130
111 130
119 130
29 131
35 131
59 131
73 131
75 131
87 131
88 131
91 131
111 131
112 131
