# Directed graph (each unordered pair of nodes is saved once): Email-Enron.txt 
# Enron email network (edge indicated that email was exchanged, undirected edges)
# Nodes: 36692 Edges: 367662
# FromNodeId	ToNodeId
0	1
1	0
1	2
1	3
1	4
1	5
1	6
1	7
1	8
1	9
1	10
1	11
1	12
1	13
1	14
1	15
1	16
1	17
1	18
1	19
1	20
1	21
1	22
1	23
1	24
1	25
1	26
1	27
1	28
1	29
1	30
1	31
1	32
1	33
1	34
1	35
1	36
1	37
1	38
1	39
1	40
1	41
1	42
1	43
1	44
1	45
1	46
1	47
1	48
1	49
1	50
1	51
1	52
1	53
1	54
1	55
1	56
1	57
1	58
1	59
1	60
1	61
1	62
1	63
1	64
1	65
1	66
1	67
1	68
1	69
1	70
2	1
3	1
3	4
3	6
4	1
4	3
4	49
4	50
4	74
5	1
5	56
5	75
5	86
5	93
5	106
5	136
5	140
5	144
5	145
5	151
5	188
5	195
5	212
5	213
5	301
5	416
5	443
5	478
6	1
6	3
6	7
6	50
6	74
6	308
7	1
7	6
7	49
7	50
7	74
7	88
7	118
7	308
8	1
9	1
9	56
9	81
9	82
9	184
9	273
9	316
9	390
9	416
10	1
10	11
10	12
10	13
11	1
11	10
11	12
11	13
11	74
12	1
12	10
12	11
12	13
12	74
13	1
13	10
13	11
13	12
13	56
13	74
13	78
13	82
13	115
13	128
13	362
14	1
15	1
15	56
15	102
15	112
15	133
16	1
16	56
16	82
17	1
18	1
18	316
18	416
19	1
20	1
21	1
21	78
21	189
21	204
22	1
23	1
24	1
25	1
25	74
26	1
27	1
27	56
27	72
27	74
27	75
27	76
27	83
27	93
27	95
27	102
27	106
27	107
27	109
27	112
27	128
27	133
27	136
27	140
27	145
27	184
27	195
27	232
27	301
27	308
27	353
27	402
27	409
27	416
27	443
27	458
27	478
28	1
29	1
30	1
31	1
32	1
33	1
34	1
35	1
36	1
37	1
38	1
39	1
39	56
39	81
39	93
39	342
40	1
41	1
42	1
42	93
42	316
43	1
44	1
44	56
45	1
45	53
45	56
45	75
45	81
45	91
45	93
45	102
45	114
45	342
46	1
46	53
46	56
46	75
46	80
46	81
46	82
46	83
46	89
46	90
46	93
46	102
46	106
46	107
46	114
46	128
46	136
46	140
46	145
46	195
46	273
46	277
46	286
46	308
46	370
46	402
46	409
46	458
47	1
48	1
49	1
49	4
49	7
49	50
49	74
49	88
49	118
50	1
50	4
50	6
50	7
50	49
50	88
50	118
51	1
51	109
51	316
52	1
53	1
53	45
53	46
53	54
53	55
53	56
53	74
53	75
53	76
53	78
53	79
53	80
53	81
53	83
53	85
53	86
53	87
53	91
53	93
53	101
53	102
53	108
53	109
53	112
53	113
53	114
53	115
53	118
53	119
53	121
53	127
53	128
53	138
53	143
53	154
53	155
53	164
53	165
53	169
53	186
53	193
53	239
53	245
53	280
53	281
53	290
53	301
53	342
53	378
53	382
53	415
53	420
54	1
54	53
54	55
54	56
54	73
54	74
54	75
54	76
54	77
54	78
54	79
54	80
54	81
54	82
54	83
54	84
54	85
54	86
54	87
54	88
54	89
54	90
54	91
54	92
54	93
54	94
54	95
54	96
54	97
54	98
54	99
54	100
54	101
54	102
54	103
54	104
54	105
54	106
54	107
54	108
54	109
54	110
54	111
54	112
54	113
54	114
54	115
54	116
54	117
54	118
54	119
54	120
54	121
54	122
54	123
54	124
54	125
54	126
54	127
54	128
54	129
54	130
54	131
54	132
54	133
54	134
54	135
54	136
54	137
54	138
54	139
54	140
54	141
54	142
54	143
54	144
54	145
54	146
54	147
54	148
54	149
54	150
54	151
54	152
54	153
54	154
54	155
54	156
54	157
54	158
54	159
54	160
54	161
54	162
54	163
54	164
54	165
54	166
54	167
54	168
54	169
54	170
55	1
55	53
55	54
55	56
55	156
55	172
55	232
56	1
56	5
56	9
56	13
56	15
56	16
56	27
56	39
56	44
56	45
56	46
56	53
56	54
56	55
56	73
56	74
56	75
56	76
56	78
56	79
56	80
56	81
56	82
56	83
56	85
56	86
56	87
56	88
56	89
56	91
56	92
56	93
56	94
56	96
56	97
56	101
56	102
56	106
56	107
56	109
56	112
56	113
56	114
56	115
56	116
56	118
56	119
56	120
56	121
56	122
56	124
56	125
56	126
56	127
56	128
56	131
56	133
56	136
56	138
56	140
56	141
56	143
56	144
56	146
56	147
56	149
56	151
56	154
56	155
56	156
56	160
56	164
56	165
56	166
56	172
56	174
56	175
56	180
56	185
56	192
56	194
56	200
56	205
56	206
56	215
56	224
56	228
56	232
56	239
56	240
56	245
56	269
56	271
56	277
56	287
56	288
56	290
56	293
56	295
56	301
56	305
56	326
56	333
56	339
56	342
56	344
56	360
56	362
56	363
56	370
56	377
56	378
56	385
56	388
56	415
56	420
56	423
56	441
56	448
56	449
56	455
56	461
56	462
56	465
56	468
56	481
57	1
58	1
59	1
59	81
60	1
60	109
60	273
61	1
62	1
62	109
62	316
63	1
64	1
65	1
66	1
67	1
68	1
69	1
69	140
70	1
71	72
72	27
72	71
72	74
72	76
72	77
72	81
72	95
72	118
72	136
72	140
72	175
72	180
72	188
72	195
72	206
72	213
72	219
72	221
72	224
72	233
72	255
72	284
72	293
72	299
72	300
72	307
72	312
72	314
72	315
72	335
72	336
72	346
72	354
72	355
72	364
72	379
72	383
72	398
72	416
72	426
72	443
72	446
72	448
72	452
72	471
72	472
72	478
72	480
72	499
73	54
73	56
73	74
73	75
73	76
73	78
73	80
73	82
73	86
73	89
73	91
73	93
73	99
73	131
73	136
73	140
73	149
73	150
73	155
73	156
73	164
73	172
73	173
73	174
73	178
73	183
73	188
73	198
73	200
73	215
73	223
73	227
73	246
73	277
73	279
73	286
73	308
73	331
73	342
73	358
73	385
73	386
73	441
73	443
73	449
73	458
73	461
73	462
73	481
74	4
74	6
74	7
74	11
74	12
74	13
74	25
74	27
74	49
74	53
74	54
74	56
74	72
74	73
74	75
74	76
74	81
74	82
74	83
74	86
74	88
74	91
74	93
74	96
74	102
74	106
74	109
74	110
74	111
74	112
74	113
74	114
74	115
74	116
74	118
74	124
74	126
74	131
74	133
74	136
74	138
74	140
74	143
74	144
74	145
74	146
74	147
74	154
74	155
74	164
74	165
74	166
74	174
74	175
74	176
74	177
74	180
74	182
74	183
74	184
74	185
74	186
74	187
74	188
74	192
74	195
74	200
74	204
74	214
74	215
74	218
74	219
74	229
74	233
74	241
74	243
74	253
74	259
74	260
74	261
74	267
74	271
74	276
74	282
74	290
74	291
74	293
74	299
74	301
74	308
74	311
74	316
74	320
74	326
74	342
74	344
74	346
74	347
74	349
74	357
74	368
74	371
74	378
74	380
74	381
74	382
74	383
74	398
74	415
74	417
74	421
74	426
74	429
74	432
74	441
74	448
74	449
74	452
74	456
74	462
74	465
74	473
74	488
75	5
75	27
75	45
75	46
75	53
75	54
75	56
75	73
75	74
75	76
75	78
75	80
75	83
75	86
75	88
75	89
75	91
75	93
75	106
75	107
75	109
75	112
75	116
75	131
75	134
75	136
75	143
75	149
75	154
75	155
75	156
75	164
75	173
75	175
75	183
75	185
75	186
75	188
75	195
75	217
75	224
75	228
75	240
75	264
75	300
75	316
75	320
75	326
75	345
75	346
75	347
75	349
75	378
75	385
75	402
75	403
75	417
75	420
75	422
75	426
75	441
75	447
75	448
75	449
75	462
75	465
75	473
75	487
75	488
75	490
75	499
76	27
76	53
76	54
76	56
76	72
76	73
76	74
76	75
76	78
76	80
76	81
76	83
76	84
76	86
76	87
76	88
76	89
76	91
76	93
76	95
76	102
76	106
76	107
76	109
76	111
76	116
76	118
76	119
76	120
76	122
76	131
76	132
76	133
76	134
76	136
76	140
76	143
76	144
76	145
76	146
76	155
76	160
76	165
76	166
76	168
76	169
76	171
76	172
76	173
76	174
76	175
76	177
76	180
76	183
76	184
76	186
76	187
76	188
76	192
76	193
76	194
76	195
76	200
76	205
76	206
76	213
76	215
76	221
76	224
76	225
76	228
76	229
76	232
76	233
76	234
76	240
76	241
76	243
76	244
76	245
76	246
76	250
76	251
76	254
76	255
76	263
76	265
76	273
76	276
76	277
76	291
76	292
76	295
76	296
76	300
76	301
76	305
76	306
76	307
76	308
76	316
76	317
76	319
76	326
76	336
76	340
76	342
76	344
76	345
76	353
76	355
76	357
76	367
76	368
76	370
76	378
76	383
76	385
76	386
76	388
76	400
76	401
76	404
76	409
76	416
76	417
76	420
76	423
76	425
76	426
76	430
76	436
76	440
76	441
76	442
76	444
76	446
76	448
76	449
76	450
76	451
76	452
76	455
76	456
76	457
76	458
76	459
76	461
76	462
76	465
76	466
76	468
76	470
76	471
76	473
76	475
76	477
76	478
76	479
76	480
76	481
76	483
76	484
76	485
76	487
76	488
76	489
76	490
76	492
76	493
76	495
76	497
76	498
76	499
77	54
77	72
77	95
78	13
78	21
78	53
78	54
78	56
78	73
78	75
78	76
78	79
78	82
78	83
78	86
78	87
78	90
78	92
78	93
78	101
78	102
78	106
78	107
78	111
78	114
78	115
78	121
78	122
78	125
78	127
78	131
78	134
78	136
78	138
78	140
78	143
78	146
78	155
78	156
78	164
78	165
78	166
78	168
78	171
78	172
78	173
78	174
78	175
78	176
78	177
78	178
78	179
78	180
78	181
78	182
78	183
78	184
78	185
78	186
78	187
78	188
78	189
78	190
78	191
78	192
78	193
78	194
78	195
78	196
78	197
78	198
78	199
78	200
78	201
78	202
78	203
78	204
78	205
78	206
78	207
78	208
78	209
78	210
78	211
78	212
78	213
78	214
78	215
78	216
78	217
78	218
78	219
78	220
78	221
78	222
78	223
78	224
78	225
78	226
78	227
78	228
78	229
78	230
78	231
78	232
78	233
78	234
78	235
78	236
78	237
78	238
78	239
78	240
78	241
78	242
78	243
78	244
78	245
78	246
78	247
78	248
78	249
78	250
78	251
78	252
78	253
78	254
78	255
78	256
78	257
78	258
78	259
78	260
78	261
78	262
78	263
78	264
78	265
78	266
78	267
78	268
78	269
78	270
78	271
78	272
78	273
78	274
78	275
78	276
78	277
78	278
78	279
78	280
78	281
78	282
78	283
78	284
78	285
78	286
78	287
78	288
78	289
78	290
78	291
78	292
78	293
78	294
78	295
78	296
78	297
78	298
78	299
78	300
78	301
78	302
78	303
78	304
78	305
78	306
78	307
78	308
78	309
78	310
78	311
78	312
78	313
78	314
78	315
78	316
78	317
78	318
78	319
78	320
78	321
78	322
78	323
78	324
78	325
78	326
78	327
78	328
78	329
78	330
78	331
78	332
78	333
78	334
78	335
78	336
78	337
78	338
78	339
78	340
78	341
78	342
78	343
78	344
78	345
78	346
78	347
78	348
78	349
78	350
78	351
78	352
78	353
78	354
78	355
78	356
78	357
78	358
78	359
78	360
78	361
78	362
78	363
78	364
78	365
78	366
78	367
78	368
78	369
78	370
78	371
78	372
78	373
78	374
78	375
78	376
78	377
78	378
78	379
78	380
78	381
78	382
78	383
78	384
78	385
78	386
78	387
78	388
78	389
78	390
78	391
78	392
78	393
78	394
78	395
78	396
78	397
78	398
78	399
78	400
78	401
78	402
78	403
78	404
78	405
78	406
78	407
78	408
78	409
78	410
78	411
78	412
78	413
78	414
78	415
78	416
78	417
78	418
78	419
78	420
78	421
78	422
78	423
78	424
78	425
78	426
78	427
78	428
78	429
78	430
78	431
78	432
78	433
78	434
78	435
78	436
78	437
78	438
78	439
78	440
78	441
78	442
78	443
78	444
78	445
78	446
78	447
78	448
78	449
78	450
78	451
78	452
78	453
78	454
78	455
78	456
78	457
78	458
78	459
78	460
78	461
78	462
78	463
78	464
78	465
78	466
78	467
78	468
78	469
79	53
79	54
79	56
79	78
79	83
79	88
79	97
79	101
79	102
79	106
79	108
79	114
79	121
79	138
79	140
79	164
79	165
79	168
79	180
79	200
79	207
79	239
79	240
79	241
79	243
79	245
79	255
79	263
79	264
79	265
79	277
79	289
79	292
79	317
79	340
79	360
79	377
79	378
79	384
79	391
79	393
79	398
79	425
79	436
79	439
80	46
80	53
80	54
80	56
80	73
80	75
80	76
80	83
80	84
80	85
80	86
80	87
80	88
80	89
80	91
80	101
80	106
80	107
80	114
80	119
80	120
80	121
80	132
80	134
80	143
80	145
80	151
80	153
80	154
80	166
80	169
80	200
80	215
80	244
80	269
80	280
80	316
80	331
80	355
80	357
80	378
80	388
80	461
80	462
80	466
81	9
81	39
81	45
81	46
81	53
81	54
81	56
81	59
81	72
81	74
81	76
81	82
81	83
81	86
81	101
81	102
81	106
81	109
81	112
81	114
81	115
81	128
81	138
81	140
81	165
81	180
81	193
81	293
81	355
81	360
81	362
81	378
81	398
81	465
82	9
82	13
82	16
82	46
82	54
82	56
82	73
82	74
82	78
82	81
82	83
82	86
82	87
82	89
82	94
82	96
82	99
82	101
82	102
82	109
82	113
82	114
82	115
82	128
82	131
82	138
82	143
82	147
82	149
82	150
82	151
82	156
82	160
82	164
82	166
82	169
82	198
82	223
82	242
82	289
82	290
82	301
82	362
82	378
82	415
82	467
83	27
83	46
83	53
83	54
83	56
83	74
83	75
83	76
83	78
83	79
83	80
83	81
83	82
83	86
83	88
83	89
83	90
83	91
83	92
83	93
83	95
83	96
83	97
83	101
83	102
83	106
83	113
83	114
83	115
83	127
83	128
83	134
83	136
83	143
83	145
83	147
83	155
83	162
83	165
83	169
83	172
83	175
83	183
83	184
83	185
83	186
83	192
83	195
83	215
83	229
83	230
83	232
83	239
83	261
83	276
83	277
83	279
83	287
83	289
83	308
83	331
83	342
83	345
83	346
83	347
83	348
83	349
83	368
83	385
83	400
83	402
83	405
83	409
83	417
83	420
83	426
83	427
83	449
83	458
83	461
83	463
83	464
83	465
83	466
83	470
83	473
83	481
83	495
84	54
84	76
84	80
84	85
84	87
84	88
84	119
84	136
84	186
84	188
84	265
84	316
84	462
84	481
84	497
85	53
85	54
85	56
85	80
85	84
85	86
85	87
85	107
85	119
85	154
85	200
86	5
86	53
86	54
86	56
86	73
86	74
86	75
86	76
86	78
86	80
86	81
86	82
86	83
86	85
86	87
86	93
86	96
86	97
86	99
86	100
86	101
86	102
86	106
86	109
86	113
86	114
86	115
86	121
86	123
86	127
86	128
86	138
86	147
86	149
86	151
86	156
86	165
86	173
86	186
86	192
86	197
86	223
86	239
86	267
86	269
86	271
86	277
86	289
86	290
86	301
86	326
86	342
86	465
87	53
87	54
87	56
87	76
87	78
87	80
87	82
87	84
87	85
87	86
87	106
87	107
87	114
87	119
87	145
87	192
87	200
87	280
87	462
88	7
88	49
88	50
88	54
88	56
88	74
88	75
88	76
88	79
88	80
88	83
88	84
88	89
88	90
88	91
88	92
88	93
88	95
88	97
88	106
88	107
88	109
88	116
88	118
88	136
88	138
88	146
88	147
88	151
88	155
88	164
88	165
88	168
88	177
88	180
88	183
88	186
88	188
88	195
88	241
88	243
88	255
88	261
88	264
88	271
88	273
88	274
88	281
88	286
88	316
88	319
88	340
88	342
88	345
88	385
88	386
88	391
88	398
88	403
88	416
88	418
88	420
88	423
88	436
88	441
88	449
88	454
88	458
88	465
88	470
88	473
88	478
88	481
88	490
88	498
88	499
89	46
89	54
89	56
89	73
89	75
89	76
89	80
89	82
89	83
89	88
89	90
89	91
89	92
89	93
89	102
89	106
89	109
89	115
89	116
89	119
89	120
89	129
89	131
89	134
89	135
89	136
89	137
89	149
89	151
89	155
89	156
89	159
89	168
89	171
89	172
89	173
89	175
89	183
89	193
89	194
89	195
89	197
89	240
89	245
89	269
89	279
89	286
89	326
89	378
89	400
89	402
89	409
89	418
89	420
89	423
89	441
89	448
89	456
89	473
89	478
89	487
89	488
89	490
90	46
90	54
90	78
90	83
90	88
90	89
90	91
90	92
90	93
90	95
90	107
90	114
90	122
90	128
90	143
90	155
90	156
90	165
90	168
90	185
90	246
90	251
90	264
90	271
90	273
90	277
90	280
90	281
90	287
90	305
90	308
90	326
90	331
90	338
90	340
90	345
90	378
90	386
90	402
90	403
90	413
90	417
90	418
90	420
90	423
90	441
90	481
91	45
91	53
91	54
91	56
91	73
91	74
91	75
91	76
91	80
91	83
91	88
91	89
91	90
91	92
91	93
91	102
91	107
91	114
91	131
91	136
91	143
91	149
91	155
91	156
91	172
91	183
91	186
91	194
91	240
91	286
91	291
91	326
91	342
91	385
91	409
91	415
91	417
92	54
92	56
92	78
92	83
92	88
92	89
92	90
92	91
92	93
92	97
92	102
92	109
92	131
92	134
92	136
92	155
92	168
92	183
92	194
92	232
92	245
92	246
92	252
92	261
92	277
92	287
92	296
92	326
92	342
92	370
92	388
92	442
93	5
93	27
93	39
93	42
93	45
93	46
93	53
93	54
93	56
93	73
93	74
93	75
93	76
93	78
93	83
93	86
93	88
93	89
93	90
93	91
93	92
93	102
93	106
93	107
93	109
93	110
93	116
93	122
93	131
93	132
93	134
93	136
93	143
93	146
93	149
93	155
93	164
93	165
93	168
93	172
93	175
93	183
93	184
93	185
93	186
93	188
93	193
93	194
93	195
93	198
93	215
93	224
93	226
93	227
93	228
93	232
93	239
93	240
93	244
93	246
93	249
93	250
93	251
93	252
93	260
93	261
93	264
93	265
93	269
93	271
93	273
93	277
93	279
93	286
93	287
93	291
93	292
93	308
93	309
93	316
93	318
93	319
93	320
93	326
93	327
93	331
93	340
93	342
93	345
93	353
93	357
93	358
93	368
93	370
93	371
93	378
93	382
93	385
93	386
93	388
93	401
93	402
93	403
93	408
93	409
93	417
93	418
93	420
93	423
93	429
93	430
93	436
93	439
93	441
93	442
93	447
93	448
93	449
93	452
93	455
93	458
93	465
93	473
93	475
93	481
93	485
93	488
93	489
93	493
93	496
93	497
93	499
94	54
94	56
94	82
94	102
94	109
95	27
95	54
95	72
95	76
95	77
95	83
95	88
95	90
95	132
95	136
95	151
95	155
95	169
95	173
95	174
95	175
95	184
95	213
95	215
95	218
95	219
95	221
95	228
95	277
95	295
95	300
95	307
95	308
95	326
95	343
95	368
95	375
95	386
95	404
95	418
95	426
95	448
95	452
95	457
95	458
95	471
95	478
95	480
95	488
95	491
95	493
95	498
95	499
96	54
96	56
96	74
96	82
96	83
96	86
96	112
96	113
96	128
96	149
96	150
97	54
97	56
97	79
97	83
97	86
97	88
97	92
97	106
97	113
97	140
97	147
97	165
97	183
97	185
97	186
97	261
97	271
97	280
97	286
97	301
97	345
97	350
97	360
97	420
97	465
98	54
98	390
99	54
99	73
99	82
99	86
99	100
99	102
99	149
99	223
100	54
100	86
100	99
100	102
101	53
101	54
101	56
101	78
101	79
101	80
101	81
101	82
101	83
101	86
101	102
101	114
101	115
101	127
101	128
101	133
101	147
101	151
101	192
101	245
101	296
101	362
101	377
102	15
102	27
102	45
102	46
102	53
102	54
102	56
102	74
102	76
102	78
102	79
102	81
102	82
102	83
102	86
102	89
102	91
102	92
102	93
102	94
102	99
102	100
102	101
102	106
102	112
102	114
102	115
102	121
102	127
102	138
102	140
102	147
102	148
102	149
102	155
102	156
102	164
102	165
102	180
102	193
102	233
102	239
102	241
102	244
102	245
102	264
102	280
102	281
102	289
102	290
102	342
102	360
102	362
102	370
102	378
102	384
102	391
102	402
102	425
102	430
102	439
103	54
104	54
105	54
105	167
106	5
106	27
106	46
106	54
106	56
106	74
106	75
106	76
106	78
106	79
106	80
106	81
106	83
106	86
106	87
106	88
106	89
106	93
106	97
106	102
106	107
106	108
106	109
106	112
106	114
106	115
106	116
106	119
106	120
106	123
106	127
106	128
106	131
106	132
106	134
106	136
106	138
106	140
106	143
106	145
106	146
106	151
106	155
106	164
106	165
106	168
106	172
106	175
106	180
106	183
106	185
106	186
106	188
106	195
106	198
106	224
106	233
106	234
106	240
106	241
106	243
106	244
106	255
106	264
106	265
106	271
106	272
106	273
106	280
106	281
106	290
106	291
106	292
106	293
106	299
106	300
106	301
106	315
106	316
106	330
106	331
106	340
106	345
106	350
106	355
106	360
106	383
106	398
106	400
106	402
106	403
106	420
106	423
106	425
106	436
106	441
106	442
106	446
106	448
106	449
106	456
106	462
106	465
106	470
106	473
106	481
106	484
106	488
106	498
107	27
107	46
107	54
107	56
107	75
107	76
107	78
107	80
107	85
107	87
107	88
107	90
107	91
107	93
107	106
107	109
107	111
107	119
107	120
107	121
107	131
107	132
107	143
107	145
107	154
107	155
107	161
107	169
107	172
107	185
107	188
107	194
107	195
107	200
107	240
107	245
107	264
107	265
107	286
107	308
107	316
107	326
107	342
107	357
107	364
107	370
107	378
107	388
107	420
107	423
107	441
107	444
107	449
107	462
107	473
107	487
107	490
108	53
108	54
108	79
108	106
108	114
108	138
108	146
108	180
108	286
108	299
109	27
109	51
109	53
109	54
109	56
109	60
109	62
109	74
109	75
109	76
109	81
109	82
109	86
109	88
109	89
109	92
109	93
109	94
109	106
109	107
109	112
109	114
109	115
109	116
109	118
109	127
109	128
109	136
109	138
109	172
109	173
109	175
109	185
109	192
109	193
109	194
109	195
109	197
109	207
109	228
109	245
109	250
109	251
109	252
109	261
109	264
109	269
109	271
109	286
109	287
109	301
109	319
109	326
109	330
109	344
109	345
109	378
109	382
109	384
109	404
109	409
109	418
109	441
109	487
109	489
109	490
109	492
110	54
110	74
110	93
110	155
111	54
111	74
111	76
111	78
111	107
111	114
111	116
111	133
111	140
111	146
111	166
111	175
111	192
111	200
111	225
111	229
111	233
111	241
111	255
111	293
111	299
111	319
111	335
111	336
111	344
111	355
111	383
111	399
111	400
111	416
111	424
111	425
111	454
111	473
111	499
112	15
112	27
112	53
112	54
112	56
112	74
112	75
112	81
112	96
112	102
112	106
112	109
112	113
112	114
112	115
112	138
112	165
112	197
112	240
112	360
113	53
113	54
113	56
113	74
113	82
113	83
113	86
113	96
113	97
113	112
113	115
113	128
113	147
113	273
113	441
113	465
114	45
114	46
114	53
114	54
114	56
114	74
114	78
114	79
114	80
114	81
114	82
114	83
114	86
114	87
114	90
114	91
114	101
114	102
114	106
114	108
114	109
114	111
114	112
114	115
114	118
114	121
114	127
114	128
114	133
114	138
114	141
114	147
114	154
114	165
114	166
114	175
114	192
114	200
114	239
114	242
114	245
114	252
114	267
114	279
114	289
114	290
114	296
114	326
114	338
114	342
114	367
114	378
114	415
115	13
115	53
115	54
115	56
115	74
115	78
115	81
115	82
115	83
115	86
115	89
115	101
115	102
115	106
115	109
115	112
115	113
115	114
115	116
115	118
115	128
115	138
115	147
115	193
115	194
115	197
115	207
115	245
115	279
115	280
115	326
115	342
115	360
115	362
115	363
115	378
115	418
115	420
115	487
115	489
116	54
116	56
116	74
116	75
116	76
116	88
116	89
116	93
116	106
116	109
116	111
116	115
116	128
116	134
116	136
116	143
116	146
116	155
116	173
116	175
116	184
116	186
116	195
116	197
116	198
116	228
116	240
116	245
116	264
116	273
116	316
116	319
116	326
116	342
116	382
116	400
116	418
116	441
116	442
116	448
116	449
116	456
116	478
116	487
116	488
116	490
117	54
117	390
118	7
118	49
118	50
118	53
118	54
118	56
118	72
118	74
118	76
118	88
118	109
118	114
118	115
118	143
118	155
118	192
118	193
118	195
118	219
118	221
118	224
118	245
118	292
118	330
118	342
118	344
118	426
118	458
119	53
119	54
119	56
119	76
119	80
119	84
119	85
119	87
119	89
119	106
119	107
119	120
119	121
119	154
119	165
119	193
119	200
119	245
119	308
119	326
119	487
120	54
120	56
120	76
120	80
120	89
120	106
120	107
120	119
120	121
120	145
121	53
121	54
121	56
121	78
121	79
121	80
121	86
121	102
121	107
121	114
121	119
121	120
121	138
121	164
121	165
121	239
121	245
121	280
121	301
122	54
122	56
122	76
122	78
122	90
122	93
122	131
122	141
122	155
122	168
122	172
122	194
122	195
122	205
122	232
122	244
122	250
122	251
122	319
122	326
122	342
122	358
122	368
122	378
122	385
122	388
122	420
122	423
122	429
122	430
122	456
122	465
122	470
122	481
123	54
123	86
123	106
123	144
123	145
123	200
123	273
123	277
123	301
124	54
124	56
124	74
125	54
125	56
125	78
125	172
125	244
125	287
126	54
126	56
126	74
126	134
126	175
126	192
126	280
126	344
126	370
127	53
127	54
127	56
127	78
127	83
127	86
127	101
127	102
127	106
127	109
127	114
127	140
127	147
127	155
127	165
127	180
127	193
127	194
127	195
127	207
127	215
127	218
127	241
127	243
127	252
127	264
127	267
127	277
127	290
127	313
127	326
127	339
127	342
127	355
127	378
127	386
127	393
127	398
127	416
127	425
127	438
127	443
127	471
127	487
127	493
128	13
128	27
128	46
128	53
128	54
128	56
128	81
128	82
128	83
128	86
128	90
128	96
128	101
128	106
128	109
128	113
128	114
128	115
128	116
128	138
128	143
128	162
128	193
128	194
128	197
128	207
128	240
128	245
128	246
128	280
128	342
128	489
129	54
129	89
130	54
131	54
131	56
131	73
131	74
131	75
131	76
131	78
131	82
131	89
131	91
131	92
131	93
131	106
131	107
131	122
131	132
131	136
131	143
131	155
131	172
131	175
131	184
131	186
131	224
131	244
131	301
131	316
131	345
131	357
131	360
131	385
131	400
131	420
131	441
131	449
131	456
131	462
131	481
131	492
132	54
132	76
132	80
132	93
132	95
132	106
132	107
132	131
132	136
132	188
132	232
132	257
132	306
132	357
132	458
133	15
133	27
133	54
133	56
133	74
133	76
133	101
133	111
133	114
133	144
133	147
133	166
133	175
133	192
133	225
133	234
133	280
133	281
133	326
133	344
133	345
133	425
133	448
133	450
133	492
134	54
134	75
134	76
134	78
134	80
134	83
134	89
134	92
134	93
134	106
134	116
134	126
134	135
134	136
134	137
134	143
134	144
134	145
134	155
134	156
134	168
134	172
134	175
134	184
134	186
134	192
134	193
134	195
134	223
134	224
134	229
134	235
134	240
134	241
134	243
134	244
134	245
134	260
134	265
134	269
134	273
134	281
134	286
134	300
134	308
134	316
134	319
134	344
134	345
134	353
134	355
134	358
134	367
134	368
134	370
134	378
134	380
134	382
134	388
134	400
134	404
134	417
134	420
134	423
134	429
134	430
134	442
134	444
134	448
134	449
134	450
134	454
134	462
134	473
134	475
134	477
134	481
134	485
134	488
134	489
134	491
135	54
135	89
135	134
135	136
135	137
135	145
136	5
136	27
136	46
136	54
136	56
136	72
136	73
136	74
136	75
136	76
136	78
136	83
136	84
136	88
136	89
136	91
136	92
136	93
136	95
136	106
136	109
136	116
136	131
136	132
136	134
136	135
136	137
136	140
136	143
136	144
136	145
136	146
136	154
136	155
136	168
136	171
136	172
136	173
136	174
136	175
136	177
136	180
136	183
136	184
136	186
136	187
136	188
136	192
136	194
136	195
136	205
136	206
136	213
136	215
136	220
136	221
136	224
136	228
136	229
136	230
136	232
136	234
136	235
136	240
136	241
136	243
136	244
136	249
136	250
136	252
136	254
136	255
136	260
136	261
136	265
136	269
136	271
136	273
136	277
136	281
136	287
136	292
136	300
136	301
136	307
136	308
136	316
136	319
136	324
136	326
136	336
136	340
136	341
136	345
136	353
136	355
136	357
136	364
136	367
136	370
136	380
136	382
136	383
136	385
136	400
136	403
136	404
136	416
136	417
136	418
136	420
136	423
136	425
136	426
136	429
136	430
136	441
136	442
136	443
136	444
136	446
136	448
136	449
136	450
136	452
136	454
136	456
136	458
136	462
136	465
136	468
136	470
136	471
136	472
136	473
136	475
136	477
136	478
136	479
136	480
136	481
136	483
136	484
136	485
136	487
136	488
136	489
136	490
136	491
136	492
136	493
136	497
136	498
136	499
137	54
137	89
137	134
137	135
137	136
137	195
137	429
138	53
138	54
138	56
138	74
138	78
138	79
138	81
138	82
138	86
138	88
138	102
138	106
138	108
138	109
138	112
138	114
138	115
138	121
138	128
138	165
138	191
138	239
138	240
138	360
138	377
138	384
138	425
139	54
140	5
140	27
140	46
140	54
140	56
140	69
140	72
140	73
140	74
140	76
140	78
140	79
140	81
140	97
140	102
140	106
140	111
140	127
140	136
140	144
140	146
140	151
140	164
140	165
140	166
140	168
140	174
140	175
140	180
140	188
140	192
140	203
140	213
140	225
140	228
140	229
140	233
140	234
140	241
140	243
140	254
140	255
140	265
140	281
140	292
140	293
140	299
140	300
140	312
140	313
140	314
140	315
140	335
140	336
140	340
140	345
140	346
140	347
140	350
140	353
140	354
140	355
140	360
140	364
140	367
140	370
140	383
140	393
140	398
140	399
140	400
140	406
140	416
140	423
140	424
140	425
140	436
140	438
140	443
140	444
140	446
140	455
140	458
140	467
140	469
140	470
140	478
140	499
141	54
141	56
141	114
141	122
141	342
141	353
141	358
141	370
141	385
141	388
141	423
142	54
142	163
142	390
143	53
143	54
143	56
143	74
143	75
143	76
143	78
143	80
143	82
143	83
143	90
143	91
143	93
143	106
143	107
143	116
143	118
143	128
143	131
143	134
143	136
143	145
143	146
143	147
143	155
143	160
143	177
143	184
143	186
143	198
143	215
143	224
143	232
143	240
143	276
143	295
143	308
143	316
143	342
143	345
143	357
143	385
143	420
143	449
143	455
143	465
143	492
144	5
144	54
144	56
144	74
144	76
144	123
144	133
144	134
144	136
144	140
144	151
144	166
144	175
144	180
144	186
144	192
144	200
144	225
144	229
144	234
144	241
144	255
144	265
144	293
144	315
144	326
144	355
144	383
144	400
144	417
144	424
144	425
144	442
144	455
144	462
144	492
145	5
145	27
145	46
145	54
145	74
145	76
145	80
145	83
145	87
145	106
145	107
145	120
145	123
145	134
145	135
145	136
145	143
145	161
145	175
145	184
145	195
145	215
145	224
145	228
145	269
145	300
145	308
145	357
145	378
145	396
145	448
145	450
145	461
145	465
145	478
146	54
146	56
146	74
146	76
146	78
146	88
146	93
146	106
146	108
146	111
146	116
146	136
146	140
146	143
146	155
146	175
146	180
146	186
146	188
146	195
146	213
146	215
146	224
146	228
146	229
146	232
146	234
146	241
146	255
146	265
146	273
146	292
146	293
146	299
146	316
146	319
146	335
146	336
146	342
146	345
146	347
146	353
146	354
146	355
146	370
146	383
146	385
146	388
146	400
146	406
146	416
146	418
146	420
146	426
146	436
146	444
146	448
146	449
146	450
146	469
146	470
146	478
146	485
146	491
146	499
147	54
147	56
147	74
147	82
147	83
147	86
147	88
147	97
147	101
147	102
147	113
147	114
147	115
147	127
147	133
147	143
147	151
147	165
147	180
147	241
147	243
147	255
147	267
147	277
147	286
147	290
147	299
147	301
147	313
147	342
147	355
147	362
147	416
147	465
148	54
148	102
149	54
149	56
149	73
149	75
149	82
149	86
149	89
149	91
149	93
149	96
149	99
149	102
149	150
149	156
149	160
149	169
149	173
149	223
149	402
149	422
150	54
150	73
150	82
150	96
150	149
150	156
150	286
151	5
151	54
151	56
151	80
151	82
151	86
151	88
151	89
151	95
151	101
151	106
151	140
151	144
151	147
151	184
151	195
151	273
151	277
151	287
151	301
151	416
152	54
153	54
153	80
153	154
153	200
153	462
154	53
154	54
154	56
154	74
154	75
154	80
154	85
154	107
154	114
154	119
154	136
154	153
154	200
154	403
154	417
154	448
154	462
155	53
155	54
155	56
155	73
155	74
155	75
155	76
155	78
155	83
155	88
155	89
155	90
155	91
155	92
155	93
155	95
155	102
155	106
155	107
155	110
155	116
155	118
155	122
155	127
155	131
155	134
155	136
155	143
155	146
155	169
155	172
155	175
155	177
155	178
155	183
155	184
155	185
155	186
155	187
155	188
155	193
155	194
155	195
155	196
155	198
155	205
155	215
155	224
155	228
155	232
155	244
155	246
155	260
155	261
155	264
155	269
155	273
155	276
155	277
155	287
155	291
155	295
155	296
155	297
155	300
155	308
155	316
155	326
155	331
155	339
155	343
155	344
155	345
155	357
155	360
155	368
155	370
155	371
155	372
155	373
155	374
155	375
155	378
155	382
155	385
155	386
155	401
155	403
155	404
155	405
155	417
155	420
155	423
155	425
155	429
155	430
155	441
155	442
155	448
155	449
155	452
155	455
155	457
155	458
155	461
155	463
155	464
155	465
155	466
155	467
155	470
155	473
155	478
155	487
155	488
155	490
155	495
156	54
156	55
156	56
156	73
156	75
156	78
156	82
156	86
156	89
156	90
156	91
156	102
156	134
156	149
156	150
156	172
156	173
156	183
156	200
156	223
156	246
156	286
156	402
156	422
157	54
157	273
157	274
157	403
157	448
157	478
158	54
158	159
159	54
159	89
159	158
160	54
160	56
160	76
160	82
160	143
160	149
160	172
160	183
160	194
160	244
161	54
161	107
161	145
162	54
162	83
162	128
163	54
163	142
164	53
164	54
164	56
164	73
164	74
164	75
164	78
164	79
164	82
164	88
164	93
164	102
164	106
164	121
164	140
164	165
164	168
164	172
164	175
164	180
164	213
164	223
164	233
164	239
164	240
164	241
164	243
164	255
164	286
164	287
164	290
164	292
164	293
164	299
164	301
164	313
164	315
164	340
164	353
164	355
164	383
164	398
164	399
164	406
164	408
164	409
164	416
164	423
164	436
164	438
164	443
164	446
165	53
165	54
165	56
165	74
165	76
165	78
165	79
165	81
165	83
165	86
165	88
165	90
165	93
165	97
165	102
165	106
165	112
165	114
165	119
165	121
165	127
165	138
165	140
165	147
165	164
165	168
165	172
165	180
165	225
165	234
165	239
165	241
165	243
165	255
165	265
165	271
165	280
165	290
165	301
165	313
165	340
165	350
165	355
165	360
165	367
165	403
165	416
165	425
165	441
165	446
165	448
165	458
165	465
165	479
165	498
165	499
166	54
166	56
166	74
166	76
166	78
166	80
166	82
166	111
166	114
166	133
166	140
166	144
166	172
166	174
166	175
166	186
166	192
166	200
166	225
166	229
166	234
166	255
166	281
166	344
166	383
166	458
167	54
167	105
168	54
168	76
168	78
168	79
168	88
168	89
168	90
168	92
168	93
168	106
168	122
168	134
168	136
168	140
168	164
168	165
168	172
168	173
168	180
168	183
168	188
168	194
168	197
168	232
168	240
168	241
168	246
168	250
168	251
168	252
168	255
168	261
168	271
168	286
168	287
168	309
168	315
168	316
168	318
168	319
168	320
168	340
168	343
168	370
168	386
168	388
168	398
168	408
168	409
168	416
168	418
168	423
168	458
168	473
168	499
169	53
169	54
169	76
169	80
169	82
169	83
169	95
169	107
169	149
169	155
169	232
169	343
169	391
169	449
169	458
170	54
171	76
171	78
171	89
171	136
171	172
171	173
171	175
171	188
171	194
171	195
171	215
171	232
171	240
171	250
171	291
171	292
171	300
171	319
171	386
171	400
171	452
171	456
171	458
171	459
171	478
171	481
171	488
171	492
172	55
172	56
172	73
172	76
172	78
172	83
172	89
172	91
172	93
172	106
172	107
172	109
172	122
172	125
172	131
172	134
172	136
172	155
172	156
172	160
172	164
172	165
172	166
172	168
172	171
172	173
172	183
172	186
172	188
172	194
172	202
172	218
172	228
172	232
172	241
172	244
172	246
172	249
172	250
172	251
172	260
172	261
172	265
172	279
172	286
172	287
172	290
172	297
172	306
172	308
172	309
172	316
172	318
172	319
172	320
172	326
172	327
172	340
172	345
172	346
172	347
172	348
172	349
172	358
172	368
172	378
172	385
172	392
172	402
172	403
172	408
172	409
172	417
172	418
172	420
172	423
172	429
172	430
172	441
172	456
172	458
172	462
172	488
172	499
173	73
173	75
173	76
173	78
173	86
173	89
173	95
173	109
173	116
173	136
173	149
173	156
173	168
173	171
173	172
173	175
173	194
173	195
173	197
173	200
173	244
173	250
173	265
173	292
173	343
173	457
173	458
173	459
173	478
173	487
173	488
173	489
173	490
174	56
174	73
174	74
174	76
174	78
174	95
174	136
174	140
174	166
174	175
174	188
174	195
174	205
174	206
174	215
174	232
174	234
174	241
174	307
174	404
174	416
174	458
174	461
174	462
174	468
174	490
175	56
175	72
175	74
175	75
175	76
175	78
175	83
175	89
175	93
175	95
175	106
175	109
175	111
175	114
175	116
175	126
175	131
175	133
175	134
175	136
175	140
175	144
175	145
175	146
175	155
175	164
175	166
175	171
175	173
175	174
175	180
175	186
175	188
175	192
175	195
175	200
175	205
175	206
175	215
175	225
175	228
175	229
175	230
175	231
175	232
175	233
175	234
175	241
175	243
175	255
175	265
175	273
175	274
175	280
175	281
175	292
175	293
175	299
175	300
175	312
175	313
175	314
175	315
175	316
175	319
175	326
175	335
175	336
175	344
175	345
175	353
175	354
175	355
175	360
175	364
175	370
175	383
175	400
175	403
175	406
175	416
175	417
175	423
175	424
175	425
175	438
175	444
175	446
175	448
175	450
175	452
175	454
175	455
175	456
175	458
175	462
175	469
175	470
175	473
175	476
175	477
175	478
175	480
175	487
175	488
175	490
175	492
175	495
175	497
175	499
176	74
176	78
176	253
177	74
177	76
177	78
177	88
177	136
177	143
177	155
177	178
177	186
177	195
177	215
177	224
177	232
177	241
177	243
177	255
177	265
177	276
177	316
177	322
177	355
177	364
177	365
177	367
177	398
177	416
177	450
177	451
177	458
177	467
177	497
177	498
178	73
178	78
178	155
178	177
178	232
178	358
178	385
178	499
179	78
179	180
179	181
180	56
180	72
180	74
180	76
180	78
180	79
180	81
180	88
180	102
180	106
180	108
180	127
180	136
180	140
180	144
180	146
180	147
180	164
180	165
180	168
180	175
180	179
180	181
180	203
180	213
180	225
180	233
180	241
180	243
180	255
180	292
180	293
180	299
180	313
180	314
180	315
180	335
180	340
180	345
180	347
180	353
180	354
180	355
180	383
180	393
180	398
180	399
180	406
180	409
180	416
180	438
180	443
180	444
181	78
181	179
181	180
182	74
182	78
182	204
183	73
183	74
183	75
183	76
183	78
183	83
183	88
183	89
183	91
183	92
183	93
183	97
183	106
183	136
183	155
183	156
183	160
183	168
183	172
183	184
183	185
183	186
183	187
183	195
183	215
183	228
183	240
183	244
183	250
183	273
183	279
183	286
183	287
183	300
183	343
183	345
183	368
183	386
183	402
183	418
183	419
183	458
183	465
183	466
183	471
183	472
183	473
184	9
184	27
184	74
184	76
184	78
184	83
184	93
184	95
184	116
184	131
184	134
184	136
184	143
184	145
184	151
184	155
184	183
184	185
184	186
184	187
184	195
184	205
184	215
184	224
184	232
184	273
184	274
184	292
184	300
184	308
184	316
184	326
184	357
184	367
184	370
184	378
184	404
184	416
184	417
184	442
184	450
184	458
184	473
184	479
185	56
185	74
185	75
185	78
185	83
185	90
185	93
185	97
185	106
185	107
185	109
185	155
185	183
185	184
185	186
185	187
185	240
185	261
185	271
185	286
185	288
185	291
185	345
185	409
185	449
185	465
185	470
185	473
186	53
186	74
186	75
186	76
186	78
186	83
186	84
186	86
186	88
186	91
186	93
186	97
186	106
186	116
186	131
186	134
186	136
186	143
186	144
186	146
186	155
186	166
186	172
186	175
186	177
186	183
186	184
186	185
186	187
186	188
186	194
186	195
186	215
186	218
186	224
186	228
186	229
186	232
186	234
186	240
186	251
186	254
186	260
186	265
186	269
186	276
186	279
186	308
186	316
186	340
186	342
186	343
186	357
186	367
186	378
186	381
186	382
186	385
186	400
186	416
186	429
186	430
186	438
186	441
186	444
186	448
186	449
186	452
186	455
186	458
186	462
186	465
186	466
186	470
186	471
186	473
186	475
186	478
186	479
186	480
186	484
186	487
186	488
186	490
186	492
186	493
186	495
186	498
187	74
187	76
187	78
187	136
187	155
187	183
187	184
187	185
187	186
187	218
187	219
187	287
187	426
187	448
187	456
187	473
187	480
188	5
188	72
188	73
188	74
188	75
188	76
188	78
188	84
188	88
188	93
188	106
188	107
188	132
188	136
188	140
188	146
188	155
188	168
188	171
188	172
188	174
188	175
188	186
188	194
188	195
188	215
188	221
188	225
188	229
188	232
188	233
188	234
188	241
188	243
188	244
188	250
188	251
188	265
188	287
188	292
188	299
188	300
188	314
188	316
188	319
188	322
188	335
188	336
188	340
188	343
188	345
188	353
188	357
188	367
188	370
188	372
188	381
188	383
188	385
188	400
188	401
188	404
188	416
188	420
188	423
188	425
188	426
188	440
188	441
188	444
188	446
188	448
188	450
188	451
188	452
188	455
188	456
188	458
188	462
188	470
188	471
188	472
188	473
188	474
188	475
188	476
188	477
188	478
188	479
188	480
188	481
188	482
188	483
188	484
188	485
188	486
188	487
188	488
188	489
188	490
188	491
188	492
188	493
188	494
188	495
188	496
188	497
188	498
188	499
189	21
189	78
189	204
190	78
191	78
191	138
192	56
192	74
192	76
192	78
192	83
192	86
192	87
192	101
192	109
192	111
192	114
192	118
192	126
192	133
192	134
192	136
192	140
192	144
192	166
192	175
192	225
192	229
192	230
192	231
192	233
192	234
192	235
192	241
192	243
192	245
192	255
192	265
192	281
192	292
192	293
192	315
192	326
192	335
192	336
192	344
192	345
192	353
192	383
192	388
192	406
192	416
192	417
192	424
192	425
192	438
192	442
192	446
192	455
192	469
193	53
193	76
193	78
193	81
193	89
193	93
193	102
193	109
193	115
193	118
193	119
193	127
193	128
193	134
193	155
193	194
193	195
193	197
193	207
193	240
193	245
193	269
193	277
193	286
193	326
193	341
193	342
193	368
193	370
193	378
193	382
193	388
193	492
194	56
194	76
194	78
194	89
194	91
194	92
194	93
194	107
194	109
194	115
194	122
194	127
194	128
194	136
194	155
194	160
194	168
194	171
194	172
194	173
194	186
194	188
194	193
194	195
194	197
194	207
194	228
194	244
194	245
194	250
194	251
194	252
194	269
194	273
194	277
194	316
194	318
194	319
194	326
194	339
194	342
194	370
194	382
194	429
194	430
194	441
194	449
194	470
194	473
194	478
194	487
194	488
194	489
194	490
194	492
195	5
195	27
195	46
195	72
195	74
195	75
195	76
195	78
195	83
195	88
195	89
195	93
195	106
195	107
195	109
195	116
195	118
195	122
195	127
195	134
195	136
195	137
195	145
195	146
195	151
195	155
195	171
195	173
195	174
195	175
195	177
195	183
195	184
195	186
195	188
195	193
195	194
195	198
195	205
195	213
195	215
195	217
195	218
195	219
195	221
195	228
195	229
195	232
195	234
195	235
195	238
195	240
195	244
195	250
195	251
195	252
195	260
195	264
195	265
195	269
195	277
195	279
195	291
195	292
195	300
195	308
195	314
195	318
195	319
195	324
195	326
195	336
195	340
195	341
195	343
195	345
195	349
195	357
195	364
195	368
195	370
195	372
195	373
195	377
195	378
195	380
195	381
195	382
195	385
195	388
195	389
195	391
195	400
195	401
195	403
195	404
195	417
195	420
195	426
195	429
195	430
195	436
195	437
195	440
195	441
195	442
195	444
195	446
195	448
195	452
195	456
195	458
195	462
195	464
195	466
195	467
195	470
195	471
195	472
195	473
195	474
195	475
195	477
195	478
195	480
195	481
195	482
195	484
195	485
195	486
195	487
195	488
195	489
195	490
195	492
195	493
195	497
195	498
195	499
196	78
196	155
196	197
196	242
196	381
196	493
197	78
197	86
197	89
197	109
197	112
197	115
197	116
197	128
197	168
197	173
197	193
197	194
197	196
197	240
197	252
197	279
197	286
197	319
197	320
197	382
198	73
198	78
198	82
198	93
198	106
198	116
198	143
198	155
198	195
198	342
198	407
198	458
198	484
199	78
199	208
200	56
200	73
200	74
200	76
200	78
200	79
200	80
200	85
200	87
200	107
200	111
200	114
200	119
200	123
200	144
200	153
200	154
200	156
200	166
200	173
200	175
200	225
200	229
200	233
200	239
200	241
200	255
200	292
200	378
200	383
200	391
200	406
200	487
201	78
202	78
202	172
203	78
203	140
203	180
203	225
203	233
203	241
203	292
203	299
203	383
203	406
203	416
203	444
204	21
204	74
204	78
204	182
204	189
205	56
205	76
205	78
205	122
205	136
205	155
205	174
205	175
205	184
205	195
205	206
205	232
205	241
205	250
205	273
205	307
205	308
205	336
205	343
205	347
205	353
205	368
205	370
205	371
205	388
205	404
205	416
205	442
205	455
205	458
205	471
205	477
205	478
205	487
205	488
205	490
205	493
206	56
206	72
206	76
206	78
206	136
206	174
206	175
206	205
206	232
206	234
206	236
206	241
206	292
206	307
206	404
206	405
206	416
206	452
206	458
206	493
207	78
207	79
207	109
207	115
207	127
207	128
207	193
207	194
207	226
207	227
207	239
207	245
207	269
207	342
207	370
207	378
207	382
207	492
208	78
208	199
209	78
210	78
211	78
212	5
212	78
212	213
213	5
213	72
213	76
213	78
213	95
213	136
213	140
213	146
213	164
213	180
213	195
213	212
213	228
213	232
213	241
213	263
213	265
213	284
213	292
213	293
213	308
213	314
213	316
213	326
213	340
213	355
213	364
213	391
213	393
213	404
213	416
213	426
213	440
213	443
213	452
213	458
213	471
213	478
213	479
213	480
213	481
213	488
213	499
214	74
214	78
215	56
215	73
215	74
215	76
215	78
215	80
215	83
215	93
215	95
215	127
215	136
215	143
215	145
215	146
215	155
215	171
215	174
215	175
215	177
215	183
215	184
215	186
215	188
215	195
215	225
215	228
215	232
215	234
215	241
215	243
215	244
215	249
215	265
215	273
215	292
215	307
215	308
215	316
215	322
215	326
215	329
215	345
215	353
215	355
215	357
215	367
215	386
215	398
215	400
215	404
215	416
215	423
215	425
215	426
215	444
215	450
215	451
215	452
215	458
215	461
215	462
215	466
215	469
215	470
215	473
215	477
215	479
215	481
215	492
215	495
215	497
215	498
215	499
216	78
217	75
217	78
217	195
217	218
217	219
217	220
217	221
217	375
217	401
217	458
217	467
218	74
218	78
218	95
218	127
218	172
218	186
218	187
218	195
218	217
218	219
218	220
218	221
218	250
218	343
218	426
218	427
218	458
218	471
218	472
219	72
219	74
219	78
219	95
219	118
219	187
219	195
219	217
219	218
219	220
219	221
219	292
219	343
219	353
219	426
220	78
220	136
220	217
220	218
220	219
220	221
220	370
221	72
221	76
221	78
221	95
221	118
221	136
221	188
221	195
221	217
221	218
221	219
221	220
221	292
221	368
221	374
221	375
221	386
221	416
221	426
221	427
221	458
221	471
222	78
223	73
223	78
223	82
223	86
223	99
223	134
223	149
223	156
223	164
223	402
224	56
224	72
224	75
224	76
224	78
224	93
224	106
224	118
224	131
224	134
224	136
224	143
224	145
224	146
224	155
224	177
224	184
224	186
224	232
224	240
224	292
224	307
224	314
224	316
224	357
224	426
224	458
224	478
224	480
225	76
225	78
225	111
225	133
225	140
225	144
225	165
225	166
225	175
225	180
225	188
225	192
225	200
225	203
225	215
225	229
225	230
225	231
225	233
225	234
225	241
225	243
225	255
225	280
225	292
225	299
225	312
225	313
225	314
225	315
225	322
225	323
225	335
225	336
225	344
225	353
225	354
225	355
225	360
225	364
225	383
225	398
225	406
225	416
225	423
225	424
225	425
225	438
225	443
225	444
225	446
225	450
225	469
225	480
225	492
225	498
225	499
226	78
226	93
226	207
226	227
226	286
226	342
226	423
227	73
227	78
227	93
227	207
227	226
227	235
227	273
227	286
227	370
227	378
227	403
227	423
228	56
228	75
228	76
228	78
228	93
228	95
228	109
228	116
228	136
228	140
228	145
228	146
228	155
228	172
228	175
228	183
228	186
228	194
228	195
228	213
228	215
228	230
228	232
228	241
228	244
228	250
228	265
228	292
228	299
228	316
228	318
228	326
228	329
228	343
228	370
228	383
228	386
228	402
228	416
228	423
228	448
228	450
228	457
228	458
228	459
228	462
228	478
228	487
228	488
228	489
228	490
228	492
229	74
229	76
229	78
229	83
229	111
229	134
229	136
229	140
229	144
229	146
229	166
229	175
229	186
229	188
229	192
229	195
229	200
229	225
229	230
229	231
229	233
229	241
229	254
229	255
229	344
229	353
229	354
229	383
229	406
229	417
229	425
229	442
229	446
229	470
229	476
229	477
229	478
230	78
230	83
230	136
230	175
230	192
230	225
230	228
230	229
230	231
230	264
230	265
230	326
230	370
230	403
230	406
230	423
230	448
230	458
230	473
230	478
230	480
230	489
231	78
231	175
231	192
231	225
231	229
231	230
231	406
231	458
232	27
232	55
232	56
232	76
232	78
232	83
232	92
232	93
232	122
232	132
232	136
232	143
232	146
232	155
232	168
232	169
232	171
232	172
232	174
232	175
232	177
232	178
232	184
232	186
232	188
232	195
232	205
232	206
232	213
232	215
232	224
232	228
232	233
232	236
232	240
232	244
232	250
232	260
232	265
232	273
232	287
232	292
232	295
232	296
232	300
232	307
232	308
232	317
232	326
232	338
232	343
232	347
232	367
232	368
232	370
232	371
232	381
232	388
232	400
232	401
232	404
232	405
232	407
232	408
232	409
232	416
232	420
232	430
232	442
232	444
232	446
232	451
232	452
232	455
232	458
232	464
232	471
232	477
232	478
232	479
232	480
232	481
232	484
232	487
232	488
232	490
232	491
232	493
232	499
233	72
233	74
233	76
233	78
233	102
233	106
233	111
233	140
233	164
233	175
233	180
233	188
233	192
233	200
233	203
233	225
233	229
233	232
233	234
233	241
233	243
233	255
233	280
233	281
233	292
233	293
233	299
233	301
233	314
233	315
233	335
233	336
233	344
233	345
233	347
233	353
233	354
233	355
233	360
233	367
233	383
233	398
233	406
233	416
233	424
233	425
233	438
233	443
233	446
233	455
233	469
233	484
234	76
234	78
234	106
234	133
234	136
234	140
234	144
234	146
234	165
234	166
234	174
234	175
234	186
234	188
234	192
234	195
234	206
234	215
234	225
234	233
234	241
234	243
234	254
234	255
234	280
234	281
234	292
234	314
234	316
234	335
234	340
234	345
234	353
234	354
234	355
234	367
234	383
234	400
234	401
234	406
234	416
234	424
234	425
234	444
234	446
234	450
234	451
234	452
234	455
234	456
234	458
234	462
234	470
234	473
234	479
234	480
234	493
234	497
234	498
234	499
235	78
235	134
235	136
235	192
235	195
235	227
235	236
235	237
235	252
235	265
235	269
235	273
235	286
235	318
235	370
235	378
235	382
235	388
235	403
235	413
235	419
235	423
235	430
235	442
235	454
235	458
235	489
236	78
236	206
236	232
236	235
236	237
236	250
236	457
236	458
237	78
237	235
237	236
238	78
238	195
238	239
238	240
239	53
239	56
239	78
239	79
239	83
239	86
239	93
239	102
239	114
239	121
239	138
239	164
239	165
239	200
239	207
239	238
239	240
239	250
239	254
239	264
239	269
239	275
239	286
239	289
239	290
239	377
239	382
239	402
239	425
239	430
240	56
240	75
240	76
240	78
240	79
240	89
240	91
240	93
240	106
240	107
240	112
240	116
240	128
240	134
240	136
240	138
240	143
240	164
240	168
240	171
240	183
240	185
240	186
240	193
240	195
240	197
240	224
240	232
240	238
240	239
240	243
240	244
240	246
240	250
240	251
240	252
240	255
240	269
240	286
240	292
240	297
240	300
240	316
240	345
240	357
240	377
240	378
240	382
240	408
240	409
240	418
240	430
240	441
240	442
240	443
240	449
240	465
241	74
241	76
241	78
241	79
241	88
241	102
241	106
241	111
241	127
241	134
241	136
241	140
241	144
241	146
241	147
241	164
241	165
241	168
241	172
241	174
241	175
241	177
241	180
241	188
241	192
241	200
241	203
241	205
241	206
241	213
241	215
241	225
241	228
241	229
241	233
241	234
241	243
241	254
241	255
241	265
241	267
241	280
241	281
241	292
241	293
241	299
241	308
241	312
241	313
241	314
241	315
241	335
241	336
241	340
241	344
241	346
241	347
241	353
241	354
241	355
241	364
241	367
241	370
241	383
241	398
241	399
241	400
241	406
241	416
241	423
241	424
241	425
241	438
241	443
241	444
241	446
241	450
241	452
241	454
241	458
241	462
241	467
241	469
241	475
241	478
241	480
241	485
241	493
241	497
241	498
241	499
242	78
242	82
242	114
242	196
242	277
242	289
242	381
242	428
243	74
243	76
243	78
243	79
243	88
243	106
243	127
243	134
243	136
243	140
243	147
243	164
243	165
243	175
243	177
243	180
243	188
243	192
243	215
243	225
243	233
243	234
243	240
243	241
243	255
243	265
243	292
243	293
243	299
243	308
243	312
243	313
243	315
243	340
243	344
243	353
243	354
243	355
243	367
243	383
243	398
243	416
243	423
243	424
243	425
243	436
243	443
243	444
243	446
243	450
243	461
243	462
243	469
243	477
243	480
243	485
243	492
243	498
243	499
244	76
244	78
244	80
244	93
244	102
244	106
244	122
244	125
244	131
244	134
244	136
244	155
244	160
244	172
244	173
244	183
244	188
244	194
244	195
244	215
244	228
244	232
244	240
244	245
244	264
244	277
244	279
244	288
244	326
244	331
244	340
244	341
244	345
244	357
244	370
244	378
244	382
244	388
244	420
244	430
244	458
244	461
244	466
244	492
244	493
245	53
245	56
245	76
245	78
245	79
245	89
245	92
245	101
245	102
245	107
245	109
245	114
245	115
245	116
245	118
245	119
245	121
245	128
245	134
245	192
245	193
245	194
245	207
245	244
245	269
245	273
245	287
245	326
245	342
245	344
245	370
245	378
245	382
245	388
245	402
245	430
245	492
246	73
246	76
246	78
246	90
246	92
246	93
246	128
246	155
246	156
246	168
246	172
246	240
246	261
246	286
246	287
246	345
246	409
246	418
247	78
248	78
249	78
249	93
249	136
249	172
249	215
249	367
249	456
250	76
250	78
250	93
250	109
250	122
250	136
250	168
250	171
250	172
250	173
250	183
250	188
250	194
250	195
250	205
250	218
250	228
250	232
250	236
250	239
250	240
250	251
250	252
250	269
250	286
250	318
250	319
250	320
250	339
250	357
250	370
250	382
250	400
250	401
250	404
250	429
250	430
250	442
250	452
250	462
250	471
250	472
250	478
250	481
250	486
250	487
250	488
250	489
250	490
250	492
250	493
251	76
251	78
251	90
251	93
251	109
251	122
251	168
251	172
251	186
251	188
251	194
251	195
251	240
251	250
251	252
251	286
251	318
251	319
251	320
251	326
251	339
251	400
251	418
251	430
251	470
251	471
251	490
251	492
251	499
252	78
252	92
252	93
252	109
252	114
252	127
252	136
252	168
252	194
252	195
252	197
252	235
252	240
252	250
252	251
252	269
252	286
252	319
252	326
252	342
252	370
252	388
252	404
252	408
252	409
252	419
252	423
252	430
253	74
253	78
253	176
254	76
254	78
254	136
254	140
254	186
254	229
254	234
254	239
254	241
254	280
254	360
254	425
254	446
255	72
255	76
255	78
255	79
255	88
255	106
255	111
255	136
255	140
255	144
255	146
255	147
255	164
255	165
255	166
255	168
255	175
255	177
255	180
255	192
255	200
255	225
255	229
255	233
255	234
255	240
255	241
255	243
255	280
255	281
255	292
255	293
255	299
255	312
255	313
255	314
255	315
255	340
255	344
255	353
255	354
255	355
255	364
255	367
255	383
255	391
255	398
255	399
255	406
255	416
255	423
255	424
255	425
255	436
255	438
255	446
255	480
256	78
257	78
257	132
257	458
258	78
259	74
259	78
260	74
260	78
260	93
260	134
260	136
260	155
260	172
260	186
260	195
260	232
260	261
260	269
260	308
260	368
260	371
260	382
260	429
260	430
260	480
261	74
261	78
261	83
261	88
261	92
261	93
261	97
261	109
261	136
261	155
261	168
261	172
261	185
261	246
261	260
261	273
261	286
261	309
261	319
261	345
261	380
261	408
261	409
261	418
261	423
261	429
261	446
262	78
263	76
263	78
263	79
263	213
263	264
263	265
263	273
263	274
263	353
263	370
263	402
263	423
263	441
263	462
263	477
263	480
264	75
264	78
264	79
264	88
264	90
264	93
264	102
264	106
264	107
264	109
264	116
264	127
264	155
264	195
264	230
264	239
264	244
264	263
264	265
264	271
264	273
264	274
264	277
264	287
264	290
264	301
264	353
264	360
264	370
264	378
264	402
264	403
264	423
264	444
264	447
264	448
264	489
265	76
265	78
265	79
265	84
265	93
265	106
265	107
265	134
265	136
265	140
265	144
265	146
265	165
265	172
265	173
265	175
265	177
265	186
265	188
265	192
265	195
265	213
265	215
265	228
265	230
265	232
265	235
265	241
265	243
265	263
265	264
265	273
265	274
265	281
265	290
265	292
265	293
265	301
265	313
265	314
265	322
265	335
265	336
265	343
265	353
265	354
265	355
265	360
265	367
265	370
265	386
265	388
265	389
265	402
265	403
265	404
265	416
265	420
265	423
265	426
265	430
265	438
265	442
265	444
265	454
265	457
265	458
265	459
265	462
265	466
265	470
265	471
265	473
265	475
265	477
265	478
265	488
265	489
265	499
266	78
267	74
267	78
267	86
267	114
267	127
267	147
267	241
267	296
267	342
267	353
268	78
269	56
269	78
269	80
269	86
269	89
269	93
269	109
269	134
269	136
269	145
269	155
269	186
269	193
269	194
269	195
269	207
269	235
269	239
269	240
269	245
269	250
269	252
269	260
269	273
269	277
269	300
269	308
269	368
269	370
269	378
269	382
269	384
269	388
269	417
269	429
269	430
269	442
269	452
270	78
270	271
270	272
270	273
270	274
271	56
271	74
271	78
271	86
271	88
271	90
271	93
271	97
271	106
271	109
271	136
271	165
271	168
271	185
271	264
271	270
271	272
271	273
271	274
271	290
271	301
271	305
271	345
271	350
271	360
271	386
271	409
271	418
271	420
271	441
271	449
271	458
271	465
271	481
271	489
272	78
272	106
272	270
272	271
272	273
272	274
273	9
273	46
273	60
273	76
273	78
273	88
273	90
273	93
273	106
273	113
273	116
273	123
273	134
273	136
273	146
273	151
273	155
273	157
273	175
273	183
273	184
273	194
273	205
273	215
273	227
273	232
273	235
273	245
273	261
273	263
273	264
273	265
273	269
273	270
273	271
273	272
273	274
273	277
273	280
273	281
273	286
273	288
273	291
273	322
273	331
273	336
273	349
273	353
273	360
273	370
273	378
273	382
273	388
273	402
273	403
273	404
273	405
273	418
273	419
273	420
273	423
273	425
273	430
273	442
273	444
273	448
273	454
273	461
273	462
273	477
273	485
273	488
273	489
273	490
274	78
274	88
274	157
274	175
274	184
274	263
274	264
274	265
274	270
274	271
274	272
274	273
274	344
274	360
274	370
274	378
274	388
274	402
274	403
274	420
274	423
274	425
274	448
274	450
274	454
274	477
274	489
275	78
275	239
276	74
276	76
276	78
276	83
276	143
276	155
276	177
276	186
277	46
277	56
277	73
277	76
277	78
277	79
277	83
277	86
277	90
277	92
277	93
277	95
277	123
277	127
277	136
277	147
277	151
277	155
277	193
277	194
277	195
277	242
277	244
277	264
277	269
277	273
277	286
277	296
277	308
277	326
277	339
277	343
277	368
277	378
277	385
277	386
277	458
277	465
278	78
279	73
279	78
279	83
279	89
279	93
279	114
279	115
279	172
279	183
279	186
279	195
279	197
279	244
279	286
279	386
279	391
279	392
279	458
279	466
280	53
280	78
280	80
280	87
280	90
280	97
280	102
280	106
280	115
280	121
280	126
280	128
280	133
280	165
280	175
280	225
280	233
280	234
280	241
280	254
280	255
280	273
280	281
280	293
280	301
280	344
280	350
280	360
280	383
280	402
280	423
280	425
280	454
281	53
281	78
281	88
281	90
281	102
281	106
281	133
281	134
281	136
281	140
281	166
281	175
281	192
281	233
281	234
281	241
281	255
281	265
281	273
281	280
281	301
281	344
281	345
281	360
281	370
281	383
281	388
281	425
281	446
282	74
282	78
283	78
283	284
284	72
284	78
284	213
284	283
284	292
284	416
284	443
285	78
286	46
286	73
286	78
286	88
286	89
286	91
286	93
286	97
286	107
286	108
286	109
286	134
286	147
286	150
286	156
286	164
286	168
286	172
286	183
286	185
286	193
286	197
286	226
286	227
286	235
286	239
286	240
286	246
286	250
286	251
286	252
286	261
286	273
286	277
286	279
286	287
286	288
286	291
286	309
286	318
286	319
286	320
286	326
286	345
286	358
286	377
286	378
286	384
286	388
286	391
286	408
286	409
286	418
286	419
286	420
286	422
286	423
286	470
287	56
287	78
287	83
287	90
287	92
287	93
287	109
287	125
287	136
287	151
287	155
287	164
287	168
287	172
287	183
287	187
287	188
287	232
287	245
287	246
287	264
287	286
287	296
287	309
287	326
287	341
287	342
287	343
287	408
288	56
288	78
288	185
288	244
288	273
288	286
288	343
288	458
289	78
289	79
289	82
289	83
289	86
289	102
289	114
289	239
289	242
289	290
289	342
289	386
289	425
289	458
290	53
290	56
290	74
290	78
290	82
290	86
290	102
290	106
290	114
290	127
290	147
290	164
290	165
290	172
290	239
290	264
290	265
290	271
290	289
290	301
290	340
290	342
290	350
290	360
290	423
290	440
291	74
291	76
291	78
291	91
291	93
291	106
291	155
291	171
291	185
291	195
291	273
291	286
291	342
291	344
291	370
291	458
292	76
292	78
292	79
292	93
292	106
292	118
292	136
292	140
292	146
292	164
292	171
292	173
292	175
292	180
292	184
292	188
292	192
292	195
292	200
292	203
292	206
292	213
292	215
292	219
292	221
292	224
292	225
292	228
292	232
292	233
292	234
292	240
292	241
292	243
292	255
292	265
292	284
292	293
292	299
292	300
292	306
292	307
292	312
292	313
292	314
292	315
292	316
292	335
292	336
292	340
292	345
292	346
292	353
292	354
292	355
292	364
292	367
292	370
292	372
292	374
292	379
292	383
292	393
292	398
292	399
292	400
292	401
292	404
292	406
292	416
292	423
292	426
292	438
292	442
292	443
292	444
292	446
292	450
292	452
292	455
292	458
292	461
292	462
292	463
292	469
292	471
292	472
292	477
292	478
292	481
292	485
292	489
292	493
292	498
292	499
293	56
293	72
293	74
293	78
293	81
293	106
293	111
293	140
293	144
293	146
293	164
293	175
293	180
293	192
293	213
293	233
293	241
293	243
293	255
293	265
293	280
293	292
293	299
293	312
293	313
293	314
293	315
293	344
293	353
293	354
293	355
293	383
293	398
293	416
293	423
293	425
293	443
294	78
295	56
295	76
295	78
295	95
295	143
295	155
295	232
295	343
295	357
295	458
295	466
296	76
296	78
296	92
296	101
296	114
296	155
296	232
296	267
296	277
296	287
296	338
296	342
296	409
297	78
297	155
297	172
297	240
298	78
299	72
299	74
299	78
299	106
299	108
299	111
299	140
299	146
299	147
299	164
299	175
299	180
299	188
299	203
299	225
299	228
299	233
299	241
299	243
299	255
299	292
299	293
299	313
299	314
299	315
299	335
299	336
299	347
299	354
299	355
299	383
299	398
299	399
299	406
299	416
299	418
299	424
299	425
299	438
299	443
299	446
299	448
299	467
299	469
299	485
299	499
300	72
300	75
300	76
300	78
300	95
300	106
300	134
300	136
300	140
300	145
300	155
300	171
300	175
300	183
300	184
300	188
300	195
300	232
300	240
300	269
300	292
300	308
300	370
300	400
300	417
300	430
300	442
300	444
300	452
300	454
300	462
300	471
300	472
300	473
300	477
300	478
300	479
300	480
300	481
300	482
300	490
300	499
301	5
301	27
301	53
301	56
301	74
301	76
301	78
301	82
301	86
301	97
301	106
301	109
301	121
301	123
301	131
301	136
301	147
301	151
301	164
301	165
301	233
301	264
301	265
301	271
301	280
301	281
301	290
301	315
301	340
301	350
301	354
301	440
301	441
301	484
302	78
303	78
304	78
305	56
305	76
305	78
305	90
305	271
305	400
305	441
305	449
305	481
306	76
306	78
306	132
306	172
306	292
306	343
306	404
306	458
307	72
307	76
307	78
307	95
307	136
307	174
307	205
307	206
307	215
307	224
307	232
307	292
307	316
307	343
307	368
307	400
307	404
307	416
307	444
307	458
308	6
308	7
308	27
308	46
308	73
308	74
308	76
308	78
308	83
308	90
308	93
308	95
308	107
308	119
308	134
308	136
308	143
308	145
308	155
308	172
308	184
308	186
308	195
308	205
308	213
308	215
308	232
308	241
308	243
308	260
308	269
308	277
308	300
308	314
308	316
308	320
308	355
308	364
308	370
308	378
308	380
308	382
308	385
308	386
308	400
308	404
308	417
308	429
308	430
308	442
308	444
308	449
308	454
308	458
308	473
308	477
308	478
308	489
309	78
309	93
309	168
309	172
309	261
309	286
309	287
309	408
310	78
311	74
311	78
312	72
312	78
312	140
312	175
312	225
312	241
312	243
312	255
312	292
312	293
312	313
312	314
312	315
312	355
312	383
312	398
312	406
312	416
312	423
313	78
313	127
313	140
313	147
313	164
313	165
313	175
313	180
313	225
313	241
313	243
313	255
313	265
313	292
313	293
313	299
313	312
313	314
313	315
313	335
313	336
313	353
313	354
313	355
313	370
313	383
313	399
313	406
313	416
313	438
313	444
313	454
314	72
314	78
314	140
314	175
314	180
314	188
314	195
314	213
314	224
314	225
314	233
314	234
314	241
314	255
314	265
314	292
314	293
314	299
314	308
314	312
314	313
314	315
314	353
314	355
314	383
314	391
314	398
314	406
314	416
314	426
314	444
314	446
314	452
314	458
314	463
314	469
314	470
314	471
314	472
314	477
315	72
315	78
315	106
315	140
315	144
315	164
315	168
315	175
315	180
315	192
315	225
315	233
315	241
315	243
315	255
315	292
315	293
315	299
315	301
315	312
315	313
315	314
315	343
315	344
315	354
315	355
315	383
315	398
315	406
315	416
315	423
315	446
315	458
316	9
316	18
316	42
316	51
316	62
316	74
316	75
316	76
316	78
316	80
316	84
316	88
316	93
316	106
316	107
316	116
316	131
316	134
316	136
316	143
316	146
316	155
316	168
316	172
316	175
316	177
316	184
316	186
316	188
316	194
316	213
316	215
316	224
316	228
316	234
316	240
316	292
316	307
316	308
316	326
316	340
316	344
316	345
316	357
316	367
316	400
316	404
316	416
316	420
316	423
316	425
316	436
316	441
316	444
316	452
316	456
316	462
316	470
316	473
316	478
316	480
316	481
316	485
316	488
316	492
316	499
317	76
317	78
317	79
317	232
317	442
318	78
318	93
318	168
318	172
318	194
318	195
318	228
318	235
318	250
318	251
318	286
318	319
318	320
318	342
318	487
318	489
318	490
318	492
319	76
319	78
319	88
319	93
319	109
319	111
319	116
319	122
319	134
319	136
319	146
319	168
319	171
319	172
319	175
319	188
319	194
319	195
319	197
319	250
319	251
319	252
319	261
319	286
319	318
319	320
319	342
319	357
319	384
319	388
319	400
319	408
319	409
319	430
319	448
319	485
319	487
319	488
319	489
319	490
320	74
320	75
320	78
320	93
320	168
320	172
320	197
320	250
320	251
320	286
320	308
320	318
320	319
320	377
320	378
320	384
320	408
320	409
320	417
320	442
320	454
321	78
322	78
322	177
322	188
322	215
322	225
322	265
322	273
322	323
322	426
322	450
322	480
322	497
322	499
323	78
323	225
323	322
324	78
324	136
324	195
324	423
325	78
326	56
326	74
326	75
326	76
326	78
326	86
326	89
326	90
326	91
326	92
326	93
326	95
326	107
326	109
326	114
326	115
326	116
326	119
326	122
326	127
326	133
326	136
326	144
326	155
326	172
326	175
326	184
326	192
326	193
326	194
326	195
326	213
326	215
326	228
326	230
326	232
326	244
326	245
326	251
326	252
326	277
326	286
326	287
326	316
326	343
326	370
326	378
326	385
326	402
326	403
326	420
326	434
326	441
326	449
326	457
326	458
326	473
326	478
326	487
326	488
326	489
326	490
326	492
327	78
327	93
327	172
328	78
329	78
329	215
329	228
329	450
330	78
330	106
330	109
330	118
331	73
331	78
331	80
331	83
331	90
331	93
331	106
331	155
331	244
331	273
331	342
331	343
331	409
331	458
331	470
332	78
333	56
333	78
334	78
335	72
335	78
335	111
335	140
335	146
335	175
335	180
335	188
335	192
335	225
335	233
335	234
335	241
335	265
335	292
335	299
335	313
335	336
335	347
335	353
335	355
335	372
335	383
335	398
335	399
335	406
335	416
335	423
335	438
335	448
335	454
335	469
335	499
336	72
336	76
336	78
336	111
336	136
336	140
336	146
336	175
336	188
336	192
336	195
336	205
336	225
336	233
336	241
336	265
336	273
336	292
336	299
336	313
336	335
336	347
336	353
336	354
336	370
336	372
336	383
336	399
336	406
336	416
336	423
336	438
336	443
336	444
336	448
336	454
336	462
336	469
336	471
336	478
336	480
336	499
337	78
338	78
338	90
338	114
338	232
338	296
338	342
338	343
338	386
338	458
339	56
339	78
339	127
339	155
339	194
339	250
339	251
339	277
340	76
340	78
340	79
340	88
340	90
340	93
340	106
340	136
340	140
340	164
340	165
340	168
340	172
340	180
340	186
340	188
340	195
340	213
340	234
340	241
340	243
340	244
340	255
340	290
340	292
340	301
340	316
340	360
340	385
340	393
340	400
340	416
340	425
340	440
340	441
340	446
340	452
340	458
340	467
340	470
340	481
340	484
340	499
341	78
341	136
341	193
341	195
341	244
341	287
341	342
341	343
341	370
341	385
341	388
341	473
342	39
342	45
342	53
342	56
342	73
342	74
342	76
342	78
342	83
342	86
342	88
342	91
342	92
342	93
342	102
342	107
342	114
342	115
342	116
342	118
342	122
342	127
342	128
342	141
342	143
342	146
342	147
342	186
342	193
342	194
342	198
342	207
342	226
342	245
342	252
342	267
342	287
342	289
342	290
342	291
342	296
342	318
342	319
342	331
342	338
342	341
342	343
342	358
342	378
342	384
342	385
342	388
342	391
342	401
342	423
342	427
342	429
342	430
342	449
342	456
342	465
342	467
342	490
343	78
343	95
343	155
343	168
343	169
343	173
343	183
343	186
343	188
343	195
343	205
343	218
343	219
343	228
343	232
343	265
343	277
343	287
343	288
343	295
343	306
343	307
343	315
343	326
343	331
343	338
343	341
343	342
343	368
343	370
343	374
343	386
343	391
343	393
343	400
343	401
343	418
343	426
343	444
343	452
343	455
343	457
343	458
343	478
343	485
343	488
343	491
344	56
344	74
344	76
344	78
344	109
344	111
344	118
344	126
344	133
344	134
344	155
344	166
344	175
344	192
344	225
344	229
344	233
344	241
344	243
344	245
344	255
344	274
344	280
344	281
344	291
344	293
344	315
344	316
344	383
344	406
344	416
344	450
344	473
345	75
345	76
345	78
345	83
345	88
345	90
345	93
345	97
345	106
345	109
345	131
345	133
345	134
345	136
345	140
345	143
345	146
345	155
345	172
345	175
345	180
345	183
345	185
345	188
345	192
345	195
345	215
345	233
345	234
345	240
345	244
345	246
345	261
345	271
345	281
345	286
345	292
345	316
345	357
345	360
345	383
345	403
345	416
345	418
345	420
345	425
345	441
345	442
345	446
345	456
345	462
345	470
345	473
345	481
345	498
345	499
346	72
346	74
346	75
346	78
346	83
346	140
346	172
346	241
346	292
346	347
346	348
346	349
346	383
346	416
346	426
346	427
346	452
346	477
346	478
347	74
347	75
347	78
347	83
347	140
347	146
347	172
347	180
347	205
347	232
347	233
347	241
347	299
347	335
347	336
347	346
347	348
347	349
347	353
347	383
347	400
347	416
347	426
347	436
348	78
348	83
348	172
348	346
348	347
348	349
348	426
348	478
349	74
349	75
349	78
349	83
349	172
349	195
349	273
349	346
349	347
349	348
349	370
349	426
349	471
349	472
349	478
349	479
350	78
350	97
350	106
350	140
350	165
350	271
350	280
350	290
350	301
350	360
351	78
352	78
353	27
353	76
353	78
353	93
353	134
353	136
353	140
353	141
353	146
353	164
353	175
353	180
353	188
353	192
353	205
353	215
353	219
353	225
353	229
353	233
353	234
353	241
353	243
353	255
353	263
353	264
353	265
353	267
353	273
353	292
353	293
353	313
353	314
353	335
353	336
353	347
353	354
353	355
353	367
353	370
353	383
353	398
353	402
353	403
353	406
353	416
353	420
353	423
353	424
353	425
353	438
353	443
353	444
353	446
353	452
353	454
353	455
353	462
353	469
353	475
353	477
353	478
353	479
353	480
353	481
353	493
353	497
353	499
354	72
354	78
354	140
354	146
354	175
354	180
354	225
354	229
354	233
354	234
354	241
354	243
354	255
354	265
354	292
354	293
354	299
354	301
354	313
354	315
354	336
354	353
354	355
354	370
354	383
354	416
354	425
354	438
354	443
354	470
355	72
355	76
355	78
355	80
355	81
355	106
355	111
355	127
355	134
355	136
355	140
355	144
355	146
355	147
355	164
355	165
355	175
355	177
355	180
355	213
355	215
355	225
355	233
355	234
355	241
355	243
355	255
355	265
355	292
355	293
355	299
355	308
355	312
355	313
355	314
355	315
355	335
355	353
355	354
355	383
355	398
355	406
355	416
355	423
355	424
355	443
355	450
355	452
355	461
355	469
355	499
356	78
357	74
357	76
357	78
357	80
357	93
357	107
357	131
357	132
357	136
357	143
357	145
357	155
357	184
357	186
357	188
357	195
357	215
357	224
357	240
357	244
357	250
357	295
357	316
357	319
357	345
357	420
357	442
357	449
357	458
357	492
357	499
358	73
358	78
358	93
358	122
358	134
358	141
358	172
358	178
358	286
358	342
358	382
358	385
358	388
358	391
358	449
359	78
359	370
360	56
360	78
360	79
360	81
360	97
360	102
360	106
360	112
360	115
360	131
360	138
360	140
360	155
360	165
360	175
360	225
360	233
360	254
360	264
360	265
360	271
360	273
360	274
360	280
360	281
360	290
360	340
360	345
360	350
360	377
360	385
360	402
360	420
360	423
360	425
360	442
360	450
361	78
362	13
362	56
362	78
362	81
362	82
362	101
362	102
362	115
362	147
363	56
363	78
363	115
364	72
364	78
364	107
364	136
364	140
364	175
364	177
364	195
364	213
364	225
364	241
364	255
364	292
364	308
364	365
364	367
364	400
364	425
365	78
365	177
365	364
366	78
367	76
367	78
367	114
367	134
367	136
367	140
367	165
367	177
367	184
367	186
367	188
367	215
367	232
367	233
367	234
367	241
367	243
367	249
367	255
367	265
367	292
367	316
367	353
367	364
367	370
367	416
367	423
367	426
367	443
367	446
367	450
367	451
367	456
367	466
367	473
367	480
367	481
367	497
367	498
367	499
368	74
368	76
368	78
368	83
368	93
368	95
368	122
368	134
368	155
368	172
368	183
368	193
368	195
368	205
368	221
368	232
368	260
368	269
368	277
368	307
368	343
368	375
368	382
368	400
368	404
368	405
368	426
368	449
368	452
368	458
368	463
368	464
368	470
368	478
368	479
368	480
368	488
368	493
369	78
370	46
370	56
370	76
370	78
370	92
370	93
370	102
370	107
370	126
370	134
370	136
370	140
370	141
370	146
370	155
370	168
370	175
370	184
370	188
370	193
370	194
370	195
370	205
370	207
370	220
370	227
370	228
370	230
370	232
370	235
370	241
370	244
370	245
370	250
370	252
370	263
370	264
370	265
370	269
370	273
370	274
370	281
370	291
370	292
370	300
370	308
370	313
370	326
370	336
370	341
370	343
370	349
370	353
370	354
370	359
370	367
370	378
370	380
370	382
370	384
370	388
370	389
370	391
370	402
370	403
370	413
370	416
370	417
370	420
370	423
370	429
370	430
370	441
370	442
370	443
370	444
370	450
370	454
370	462
370	469
370	471
370	473
370	475
370	477
370	478
370	481
370	485
370	487
370	488
370	489
370	491
370	497
371	74
371	78
371	93
371	155
371	205
371	232
371	260
371	458
372	78
372	155
372	188
372	195
372	292
372	335
372	336
372	373
372	374
372	375
372	452
372	458
372	470
372	471
373	78
373	155
373	195
373	372
373	374
373	375
373	401
373	423
373	458
374	78
374	155
374	221
374	292
374	343
374	372
374	373
374	375
374	385
374	401
374	458
375	78
375	95
375	155
375	217
375	221
375	368
375	372
375	373
375	374
375	426
375	455
376	78
377	56
377	78
377	79
377	101
377	138
377	195
377	239
377	240
377	286
377	320
377	360
377	425
377	481
378	53
378	56
378	74
378	75
378	76
378	78
378	79
378	80
378	81
378	82
378	89
378	90
378	93
378	102
378	107
378	109
378	114
378	115
378	122
378	127
378	134
378	145
378	155
378	172
378	184
378	186
378	193
378	195
378	200
378	207
378	227
378	235
378	240
378	244
378	245
378	264
378	269
378	273
378	274
378	277
378	286
378	308
378	320
378	326
378	342
378	370
378	382
378	384
378	389
378	402
378	403
378	417
378	423
378	430
378	442
378	449
379	72
379	78
379	292
379	380
379	381
379	416
379	455
379	493
380	74
380	78
380	134
380	136
380	195
380	261
380	308
380	370
380	379
380	381
380	417
380	446
381	74
381	78
381	186
381	188
381	195
381	196
381	232
381	242
381	379
381	380
381	426
381	451
381	455
381	493
381	499
382	53
382	74
382	78
382	93
382	109
382	116
382	134
382	136
382	155
382	186
382	193
382	194
382	195
382	197
382	207
382	235
382	239
382	240
382	244
382	245
382	250
382	260
382	269
382	273
382	308
382	358
382	368
382	370
382	378
382	384
382	388
382	389
382	417
382	423
382	429
382	430
382	442
382	449
382	452
382	454
382	489
383	72
383	74
383	76
383	78
383	106
383	111
383	136
383	140
383	144
383	146
383	164
383	166
383	175
383	180
383	188
383	192
383	200
383	203
383	225
383	228
383	229
383	233
383	234
383	241
383	243
383	255
383	280
383	281
383	292
383	293
383	299
383	312
383	313
383	314
383	315
383	335
383	336
383	344
383	345
383	346
383	347
383	353
383	354
383	355
383	398
383	399
383	406
383	416
383	423
383	424
383	425
383	438
383	446
383	448
383	499
384	78
384	79
384	102
384	109
384	138
384	269
384	286
384	319
384	320
384	342
384	370
384	378
384	382
384	388
384	409
385	56
385	73
385	75
385	76
385	78
385	83
385	88
385	91
385	93
385	122
385	131
385	136
385	141
385	143
385	146
385	155
385	172
385	178
385	186
385	188
385	195
385	277
385	308
385	326
385	340
385	341
385	342
385	358
385	360
385	374
385	386
385	400
385	403
385	420
385	449
385	458
385	465
385	481
386	73
386	76
386	78
386	88
386	90
386	93
386	95
386	127
386	155
386	168
386	171
386	183
386	215
386	221
386	228
386	265
386	271
386	277
386	279
386	289
386	308
386	338
386	343
386	385
386	393
386	417
386	418
386	420
386	443
386	457
386	458
386	488
387	78
387	478
388	56
388	76
388	78
388	80
388	92
388	93
388	107
388	122
388	134
388	141
388	146
388	168
388	192
388	193
388	195
388	205
388	232
388	235
388	244
388	245
388	252
388	265
388	269
388	273
388	274
388	281
388	286
388	319
388	341
388	342
388	358
388	370
388	382
388	384
388	402
388	403
388	417
388	423
388	425
388	430
388	442
388	443
388	489
388	492
389	78
389	195
389	265
389	370
389	378
389	382
389	430
390	9
390	78
390	98
390	117
390	142
391	78
391	79
391	88
391	102
391	169
391	195
391	200
391	213
391	255
391	279
391	286
391	314
391	342
391	343
391	358
391	370
391	423
391	444
391	458
392	78
392	172
392	279
393	78
393	79
393	127
393	140
393	180
393	213
393	292
393	340
393	343
393	386
393	425
393	438
393	443
393	458
394	78
395	78
396	78
396	145
397	78
398	72
398	74
398	78
398	79
398	81
398	88
398	106
398	127
398	140
398	164
398	168
398	177
398	180
398	215
398	225
398	233
398	241
398	243
398	255
398	292
398	293
398	299
398	312
398	314
398	315
398	335
398	353
398	355
398	383
398	399
398	406
398	416
398	443
398	446
398	452
399	78
399	111
399	140
399	164
399	180
399	241
399	255
399	292
399	299
399	313
399	335
399	336
399	383
399	398
399	406
399	438
399	448
400	76
400	78
400	83
400	89
400	106
400	111
400	116
400	131
400	134
400	136
400	140
400	144
400	146
400	171
400	175
400	186
400	188
400	195
400	215
400	232
400	234
400	241
400	250
400	251
400	292
400	300
400	305
400	307
400	308
400	316
400	319
400	340
400	343
400	347
400	364
400	368
400	385
400	416
400	440
400	441
400	444
400	448
400	449
400	451
400	452
400	456
400	458
400	462
400	470
400	471
400	472
400	473
400	478
400	479
400	480
400	481
400	488
400	490
400	499
401	76
401	78
401	93
401	155
401	188
401	195
401	217
401	232
401	234
401	250
401	292
401	342
401	343
401	373
401	374
401	404
401	426
401	458
401	471
402	27
402	46
402	75
402	78
402	83
402	89
402	90
402	93
402	102
402	106
402	149
402	156
402	172
402	183
402	223
402	228
402	239
402	245
402	263
402	264
402	265
402	273
402	274
402	280
402	326
402	353
402	360
402	370
402	378
402	388
402	403
402	420
402	422
402	423
402	425
402	430
402	447
402	489
403	75
403	78
403	88
403	90
403	93
403	106
403	136
403	154
403	155
403	157
403	165
403	172
403	175
403	195
403	227
403	230
403	235
403	264
403	265
403	273
403	274
403	326
403	345
403	353
403	370
403	378
403	385
403	388
403	402
403	404
403	418
403	423
403	425
403	430
403	447
403	448
403	454
403	457
403	458
403	478
403	481
403	488
403	489
404	76
404	78
404	95
404	109
404	134
404	136
404	155
404	174
404	184
404	188
404	195
404	205
404	206
404	213
404	215
404	232
404	250
404	252
404	265
404	273
404	292
404	306
404	307
404	308
404	316
404	368
404	401
404	403
404	405
404	416
404	444
404	448
404	455
404	458
404	464
404	471
404	477
404	478
404	480
404	487
404	490
404	491
404	493
405	78
405	83
405	155
405	206
405	232
405	273
405	368
405	404
405	463
405	464
406	78
406	140
406	146
406	164
406	175
406	180
406	192
406	200
406	203
406	225
406	229
406	230
406	231
406	233
406	234
406	241
406	255
406	292
406	299
406	312
406	313
406	314
406	315
406	335
406	336
406	344
406	353
406	355
406	383
406	398
406	399
406	416
406	424
406	438
406	469
407	78
407	198
407	232
408	78
408	93
408	164
408	168
408	172
408	232
408	240
408	252
408	261
408	286
408	287
408	309
408	319
408	320
408	409
408	418
408	419
409	27
409	46
409	76
409	78
409	83
409	89
409	91
409	93
409	109
409	164
409	168
409	172
409	180
409	185
409	232
409	240
409	246
409	252
409	261
409	271
409	286
409	296
409	319
409	320
409	331
409	384
409	408
409	418
409	439
409	449
409	465
410	78
411	78
412	78
413	78
413	90
413	235
413	370
414	78
415	53
415	56
415	74
415	78
415	82
415	91
415	114
416	5
416	9
416	18
416	27
416	72
416	76
416	78
416	88
416	111
416	127
416	136
416	140
416	146
416	147
416	151
416	164
416	165
416	168
416	174
416	175
416	177
416	180
416	184
416	186
416	188
416	192
416	203
416	205
416	206
416	213
416	215
416	221
416	225
416	228
416	232
416	233
416	234
416	241
416	243
416	255
416	265
416	284
416	292
416	293
416	299
416	307
416	312
416	313
416	314
416	315
416	316
416	335
416	336
416	340
416	344
416	345
416	346
416	347
416	353
416	354
416	355
416	367
416	370
416	379
416	383
416	398
416	400
416	404
416	406
416	423
416	424
416	425
416	426
416	438
416	443
416	444
416	446
416	450
416	452
416	455
416	456
416	458
416	462
416	463
416	464
416	469
416	470
416	473
416	474
416	475
416	477
416	478
416	480
416	485
416	489
416	493
416	498
416	499
417	74
417	75
417	76
417	78
417	83
417	90
417	91
417	93
417	134
417	136
417	144
417	154
417	155
417	172
417	175
417	184
417	192
417	195
417	229
417	269
417	300
417	308
417	320
417	370
417	378
417	380
417	382
417	386
417	388
417	429
417	430
417	442
417	452
417	454
417	458
417	473
417	489
418	78
418	88
418	89
418	90
418	93
418	95
418	109
418	115
418	116
418	136
418	146
418	168
418	172
418	183
418	240
418	246
418	251
418	261
418	271
418	273
418	286
418	299
418	343
418	345
418	386
418	403
418	408
418	409
418	423
418	454
418	458
418	499
419	78
419	183
419	235
419	252
419	273
419	286
419	408
420	53
420	56
420	75
420	76
420	78
420	83
420	88
420	89
420	90
420	93
420	97
420	106
420	107
420	115
420	122
420	131
420	134
420	136
420	143
420	146
420	155
420	172
420	188
420	195
420	232
420	244
420	265
420	271
420	273
420	274
420	286
420	316
420	326
420	345
420	353
420	357
420	360
420	370
420	385
420	386
420	402
420	442
420	448
420	449
420	450
420	458
420	470
420	481
421	74
421	78
422	75
422	78
422	149
422	156
422	286
422	402
423	56
423	76
423	78
423	88
423	89
423	90
423	93
423	106
423	107
423	122
423	134
423	136
423	140
423	141
423	155
423	164
423	168
423	172
423	175
423	188
423	215
423	225
423	226
423	227
423	228
423	230
423	235
423	241
423	243
423	252
423	255
423	261
423	263
423	264
423	265
423	273
423	274
423	280
423	286
423	290
423	292
423	293
423	312
423	315
423	316
423	324
423	335
423	336
423	342
423	353
423	355
423	360
423	367
423	370
423	373
423	378
423	382
423	383
423	388
423	391
423	402
423	403
423	416
423	418
423	425
423	430
423	442
423	444
423	452
423	454
423	462
423	469
423	477
423	481
423	489
423	498
423	499
424	78
424	111
424	140
424	144
424	175
424	192
424	225
424	233
424	234
424	241
424	243
424	255
424	299
424	353
424	355
424	383
424	406
424	416
424	425
425	76
425	78
425	79
425	102
425	106
425	111
425	127
425	133
425	136
425	138
425	140
425	144
425	155
425	165
425	175
425	188
425	192
425	215
425	225
425	229
425	233
425	234
425	239
425	241
425	243
425	254
425	255
425	273
425	274
425	280
425	281
425	289
425	293
425	299
425	316
425	340
425	345
425	353
425	354
425	360
425	364
425	377
425	383
425	388
425	393
425	402
425	403
425	416
425	423
425	424
425	446
425	450
425	456
425	462
425	470
425	492
425	495
426	72
426	74
426	75
426	76
426	78
426	83
426	95
426	118
426	136
426	146
426	187
426	188
426	195
426	213
426	215
426	218
426	219
426	221
426	224
426	265
426	292
426	314
426	322
426	343
426	346
426	347
426	348
426	349
426	367
426	368
426	375
426	381
426	401
426	416
426	427
426	450
426	451
426	452
426	471
426	475
426	478
426	481
426	497
426	499
427	78
427	83
427	218
427	221
427	342
427	346
427	426
428	78
428	242
429	74
429	78
429	93
429	122
429	134
429	136
429	137
429	155
429	172
429	186
429	194
429	195
429	250
429	260
429	261
429	269
429	308
429	342
429	370
429	382
429	417
429	430
430	76
430	78
430	93
430	102
430	122
430	134
430	136
430	155
430	172
430	186
430	194
430	195
430	232
430	235
430	239
430	240
430	244
430	245
430	250
430	251
430	252
430	260
430	265
430	269
430	273
430	300
430	308
430	319
430	342
430	370
430	378
430	382
430	388
430	389
430	402
430	403
430	417
430	423
430	429
430	442
430	454
430	473
430	489
431	78
432	74
432	78
433	78
434	78
434	326
435	78
436	76
436	78
436	79
436	88
436	93
436	106
436	140
436	146
436	164
436	195
436	243
436	255
436	316
436	347
437	78
437	195
437	458
438	78
438	127
438	140
438	164
438	175
438	180
438	186
438	192
438	225
438	233
438	241
438	255
438	265
438	292
438	299
438	313
438	335
438	336
438	353
438	354
438	383
438	393
438	399
438	406
438	416
438	444
438	469
438	470
438	473
438	478
439	78
439	79
439	93
439	102
439	409
440	76
440	78
440	188
440	195
440	213
440	290
440	301
440	340
440	400
440	441
441	56
441	73
441	74
441	75
441	76
441	78
441	88
441	89
441	90
441	93
441	106
441	107
441	109
441	113
441	116
441	131
441	136
441	155
441	165
441	172
441	186
441	188
441	194
441	195
441	240
441	263
441	271
441	301
441	305
441	316
441	326
441	340
441	345
441	370
441	400
441	440
441	443
441	452
441	456
441	458
441	467
441	470
441	473
441	479
441	480
441	481
441	493
442	76
442	78
442	92
442	93
442	106
442	116
442	134
442	136
442	144
442	155
442	184
442	192
442	195
442	205
442	229
442	232
442	235
442	240
442	250
442	265
442	269
442	273
442	292
442	300
442	308
442	317
442	320
442	345
442	357
442	360
442	370
442	378
442	382
442	388
442	417
442	420
442	423
442	430
442	448
442	450
442	452
442	454
442	458
442	479
442	487
442	489
443	5
443	27
443	72
443	73
443	78
443	127
443	136
443	140
443	164
443	180
443	213
443	225
443	233
443	240
443	241
443	243
443	284
443	292
443	293
443	299
443	336
443	353
443	354
443	355
443	367
443	370
443	386
443	388
443	393
443	398
443	416
443	441
443	458
444	76
444	78
444	107
444	134
444	136
444	140
444	146
444	175
444	180
444	186
444	188
444	195
444	203
444	215
444	225
444	232
444	234
444	241
444	243
444	264
444	265
444	273
444	292
444	300
444	307
444	308
444	313
444	314
444	316
444	336
444	343
444	353
444	370
444	391
444	400
444	404
444	416
444	423
444	438
444	448
444	452
444	454
444	458
444	462
444	469
444	470
444	471
444	473
444	475
444	477
444	478
444	479
444	481
444	485
444	491
444	493
444	497
444	498
444	499
445	78
446	72
446	76
446	78
446	106
446	136
446	140
446	164
446	165
446	175
446	188
446	192
446	195
446	225
446	229
446	232
446	233
446	234
446	241
446	243
446	254
446	255
446	261
446	281
446	292
446	299
446	314
446	315
446	340
446	345
446	353
446	367
446	380
446	383
446	398
446	416
446	425
446	470
446	479
446	480
446	497
446	499
447	75
447	78
447	93
447	264
447	402
447	403
447	448
448	56
448	72
448	74
448	75
448	76
448	78
448	89
448	93
448	95
448	106
448	116
448	133
448	134
448	136
448	145
448	146
448	154
448	155
448	157
448	165
448	175
448	186
448	187
448	188
448	195
448	228
448	230
448	264
448	273
448	274
448	299
448	319
448	335
448	336
448	383
448	399
448	400
448	403
448	404
448	420
448	442
448	444
448	447
448	452
448	454
448	469
448	470
448	473
448	478
448	480
448	487
448	488
448	489
448	490
448	499
449	56
449	73
449	74
449	75
449	76
449	78
449	83
449	88
449	93
449	106
449	107
449	116
449	131
449	134
449	136
449	143
449	146
449	155
449	169
449	185
449	186
449	194
449	240
449	271
449	305
449	308
449	326
449	342
449	357
449	358
449	368
449	378
449	382
449	385
449	400
449	409
449	420
449	462
449	465
449	467
449	473
449	481
450	76
450	78
450	133
450	134
450	136
450	145
450	146
450	175
450	177
450	184
450	188
450	215
450	225
450	228
450	234
450	241
450	243
450	274
450	292
450	322
450	329
450	344
450	355
450	360
450	367
450	370
450	416
450	420
450	425
450	426
450	442
450	451
450	452
450	461
450	466
450	480
450	489
450	495
450	499
451	76
451	78
451	177
451	188
451	215
451	232
451	234
451	367
451	381
451	400
451	426
451	450
451	452
451	461
451	470
451	474
451	475
451	477
451	498
451	499
452	72
452	74
452	76
452	78
452	93
452	95
452	136
452	155
452	171
452	175
452	186
452	188
452	195
452	206
452	213
452	215
452	232
452	234
452	241
452	250
452	269
452	292
452	300
452	314
452	316
452	340
452	343
452	346
452	353
452	355
452	368
452	372
452	382
452	398
452	400
452	416
452	417
452	423
452	426
452	441
452	442
452	444
452	448
452	450
452	451
452	462
452	466
452	470
452	471
452	473
452	475
452	477
452	478
452	479
452	480
452	481
452	482
452	484
452	487
452	488
452	490
452	493
452	495
452	499
453	78
454	78
454	88
454	111
454	134
454	136
454	175
454	235
454	241
454	265
454	273
454	274
454	280
454	300
454	308
454	313
454	320
454	335
454	336
454	353
454	370
454	382
454	403
454	417
454	418
454	423
454	430
454	442
454	444
454	448
454	478
454	479
455	56
455	76
455	78
455	93
455	140
455	143
455	144
455	155
455	175
455	186
455	188
455	192
455	205
455	232
455	233
455	234
455	292
455	343
455	353
455	375
455	379
455	381
455	404
455	416
455	458
455	493
455	498
455	499
456	74
456	76
456	78
456	89
456	106
456	116
456	122
456	131
456	136
456	171
456	172
456	175
456	187
456	188
456	195
456	234
456	249
456	316
456	342
456	345
456	367
456	400
456	416
456	425
456	441
456	462
456	473
456	477
456	480
456	481
456	499
457	76
457	78
457	95
457	155
457	173
457	228
457	236
457	265
457	326
457	343
457	386
457	403
457	458
457	459
457	478
457	488
457	489
458	27
458	46
458	73
458	76
458	78
458	83
458	88
458	93
458	95
458	118
458	132
458	136
458	140
458	155
458	165
458	166
458	168
458	169
458	171
458	172
458	173
458	174
458	175
458	177
458	183
458	184
458	186
458	188
458	195
458	198
458	205
458	206
458	213
458	215
458	217
458	218
458	221
458	224
458	228
458	230
458	231
458	232
458	234
458	235
458	236
458	241
458	244
458	257
458	265
458	271
458	277
458	279
458	288
458	289
458	291
458	292
458	295
458	306
458	307
458	308
458	314
458	315
458	326
458	331
458	338
458	340
458	343
458	357
458	368
458	371
458	372
458	373
458	374
458	385
458	386
458	391
458	393
458	400
458	401
458	403
458	404
458	416
458	417
458	418
458	420
458	437
458	441
458	442
458	443
458	444
458	455
458	457
458	459
458	463
458	470
458	471
458	477
458	478
458	479
458	480
458	481
458	485
458	488
458	489
458	491
458	493
458	499
459	76
459	78
459	171
459	173
459	228
459	265
459	457
459	458
459	488
459	489
460	78
461	56
461	73
461	76
461	78
461	80
461	83
461	145
461	155
461	174
461	215
461	243
461	244
461	273
461	292
461	355
461	450
461	451
461	462
461	465
461	466
461	477
461	492
462	56
462	73
462	74
462	75
462	76
462	78
462	80
462	84
462	87
462	106
462	107
462	131
462	134
462	136
462	144
462	153
462	154
462	172
462	174
462	175
462	186
462	188
462	195
462	215
462	228
462	234
462	241
462	243
462	250
462	263
462	265
462	273
462	292
462	300
462	316
462	336
462	345
462	353
462	370
462	400
462	416
462	423
462	425
462	444
462	449
462	452
462	456
462	461
462	470
462	473
462	474
462	475
462	480
462	481
462	490
462	497
462	499
463	78
463	83
463	155
463	292
463	314
463	368
463	405
463	416
463	458
463	464
464	78
464	83
464	155
464	195
464	232
464	368
464	404
464	405
464	416
464	463
464	478
465	56
465	74
465	75
465	76
465	78
465	81
465	83
465	86
465	88
465	93
465	97
465	106
465	113
465	122
465	136
465	143
465	145
465	147
465	155
465	165
465	183
465	185
465	186
465	240
465	271
465	277
465	342
465	385
465	409
465	449
465	461
465	466
465	470
465	473
465	481
466	76
466	78
466	80
466	83
466	155
466	183
466	186
466	195
466	215
466	244
466	265
466	279
466	295
466	367
466	450
466	452
466	461
466	465
466	470
466	473
466	477
466	490
466	492
466	495
466	498
466	499
467	78
467	82
467	140
467	155
467	177
467	195
467	217
467	241
467	299
467	340
467	342
467	441
467	449
467	482
467	484
468	56
468	76
468	78
468	136
468	174
469	78
469	140
469	146
469	175
469	192
469	215
469	225
469	233
469	241
469	243
469	292
469	299
469	314
469	335
469	336
469	353
469	355
469	370
469	406
469	416
469	423
469	438
469	444
469	448
470	76
470	83
470	88
470	106
470	122
470	136
470	140
470	146
470	155
470	175
470	185
470	186
470	188
470	194
470	195
470	215
470	229
470	234
470	251
470	265
470	286
470	314
470	316
470	331
470	340
470	345
470	354
470	368
470	372
470	400
470	416
470	420
470	425
470	438
470	441
470	444
470	446
470	448
470	451
470	452
470	458
470	462
470	465
470	466
470	471
470	472
470	473
470	474
470	475
470	476
470	477
470	478
470	479
470	480
470	481
470	482
470	484
470	485
470	493
470	494
470	495
470	496
470	497
470	498
470	499
471	72
471	76
471	95
471	127
471	136
471	183
471	186
471	188
471	195
471	205
471	213
471	218
471	221
471	232
471	250
471	251
471	265
471	292
471	300
471	314
471	336
471	349
471	370
471	372
471	400
471	401
471	404
471	426
471	444
471	452
471	458
471	470
471	472
471	473
471	477
471	478
471	480
471	488
471	489
471	490
471	492
472	72
472	136
472	183
472	188
472	195
472	218
472	250
472	292
472	300
472	314
472	349
472	400
472	470
472	471
472	473
472	478
472	480
472	488
472	499
473	74
473	75
473	76
473	83
473	88
473	89
473	93
473	106
473	107
473	111
473	134
473	136
473	155
473	168
473	175
473	183
473	184
473	185
473	186
473	187
473	188
473	194
473	195
473	215
473	230
473	234
473	265
473	300
473	308
473	316
473	326
473	341
473	344
473	345
473	367
473	370
473	400
473	416
473	417
473	430
473	438
473	441
473	444
473	448
473	449
473	452
473	456
473	462
473	465
473	466
473	470
473	471
473	472
473	475
473	478
473	480
473	481
473	487
473	488
473	490
473	498
474	188
474	195
474	416
474	451
474	462
474	470
474	475
475	76
475	93
475	134
475	136
475	186
475	188
475	195
475	241
475	265
475	353
475	370
475	416
475	426
475	444
475	451
475	452
475	462
475	470
475	473
475	474
475	481
475	498
475	499
476	175
476	188
476	229
476	470
476	477
476	478
477	76
477	134
477	136
477	175
477	188
477	195
477	205
477	215
477	229
477	232
477	243
477	263
477	265
477	273
477	274
477	292
477	300
477	308
477	314
477	346
477	353
477	370
477	404
477	416
477	423
477	444
477	451
477	452
477	456
477	458
477	461
477	466
477	470
477	471
477	476
477	478
477	480
477	490
478	5
478	27
478	72
478	76
478	88
478	89
478	95
478	116
478	136
478	140
478	145
478	146
478	155
478	157
478	171
478	173
478	175
478	186
478	188
478	194
478	195
478	205
478	213
478	224
478	228
478	229
478	230
478	232
478	241
478	250
478	265
478	292
478	300
478	308
478	316
478	326
478	336
478	343
478	346
478	348
478	349
478	353
478	368
478	370
478	387
478	400
478	403
478	404
478	416
478	426
478	438
478	444
478	448
478	452
478	454
478	457
478	458
478	464
478	470
478	471
478	472
478	473
478	476
478	477
478	479
478	480
478	482
478	484
478	487
478	488
478	489
478	490
478	492
478	498
478	499
479	76
479	136
479	165
479	184
479	186
479	188
479	213
479	215
479	232
479	234
479	300
479	349
479	353
479	368
479	400
479	441
479	442
479	444
479	446
479	452
479	454
479	458
479	470
479	478
479	480
479	481
479	495
479	497
479	498
479	499
480	72
480	76
480	95
480	136
480	175
480	186
480	187
480	188
480	195
480	213
480	224
480	225
480	230
480	232
480	234
480	241
480	243
480	255
480	260
480	263
480	300
480	316
480	322
480	336
480	353
480	367
480	368
480	400
480	404
480	416
480	441
480	446
480	448
480	450
480	452
480	456
480	458
480	462
480	470
480	471
480	472
480	473
480	477
480	478
480	479
480	481
480	488
480	497
480	499
481	56
481	73
481	76
481	83
481	84
481	88
481	90
481	93
481	106
481	122
481	131
481	134
481	136
481	171
481	188
481	195
481	213
481	215
481	232
481	250
481	271
481	292
481	300
481	305
481	316
481	340
481	345
481	353
481	367
481	370
481	377
481	385
481	400
481	403
481	420
481	423
481	426
481	441
481	444
481	449
481	452
481	456
481	458
481	462
481	465
481	470
481	473
481	475
481	479
481	480
481	482
481	484
481	495
481	498
481	499
482	188
482	195
482	300
482	452
482	467
482	470
482	478
482	481
482	483
482	484
483	76
483	136
483	188
483	482
483	484
484	76
484	106
484	136
484	186
484	188
484	195
484	198
484	232
484	233
484	301
484	340
484	452
484	467
484	470
484	478
484	481
484	482
484	483
485	76
485	93
485	134
485	136
485	146
485	188
485	195
485	241
485	243
485	273
485	292
485	299
485	316
485	319
485	343
485	370
485	416
485	444
485	458
485	470
485	491
486	188
486	195
486	250
486	487
486	488
486	489
486	490
487	75
487	76
487	89
487	107
487	109
487	115
487	116
487	119
487	127
487	136
487	155
487	173
487	175
487	186
487	188
487	194
487	195
487	200
487	205
487	228
487	232
487	250
487	318
487	319
487	326
487	370
487	404
487	442
487	448
487	452
487	473
487	478
487	486
487	488
487	489
487	490
487	492
487	499
488	74
488	75
488	76
488	89
488	93
488	95
488	106
488	116
488	134
488	136
488	155
488	171
488	172
488	173
488	175
488	186
488	188
488	194
488	195
488	205
488	213
488	228
488	232
488	250
488	265
488	273
488	316
488	319
488	326
488	343
488	368
488	370
488	386
488	400
488	403
488	448
488	452
488	457
488	458
488	459
488	471
488	472
488	473
488	478
488	480
488	486
488	487
488	489
488	490
488	492
488	499
489	76
489	93
489	109
489	115
489	128
489	134
489	136
489	173
489	188
489	194
489	195
489	228
489	230
489	235
489	250
489	264
489	265
489	271
489	273
489	274
489	292
489	308
489	318
489	319
489	326
489	370
489	382
489	388
489	402
489	403
489	416
489	417
489	423
489	430
489	442
489	448
489	450
489	457
489	458
489	459
489	471
489	478
489	486
489	487
489	488
489	490
489	492
490	75
490	76
490	88
490	89
490	107
490	109
490	116
490	136
490	155
490	173
490	174
490	175
490	186
490	188
490	194
490	195
490	205
490	228
490	232
490	250
490	251
490	273
490	300
490	318
490	319
490	326
490	342
490	400
490	404
490	448
490	452
490	462
490	466
490	471
490	473
490	477
490	478
490	486
490	487
490	488
490	489
490	492
491	95
491	134
491	136
491	146
491	188
491	232
491	343
491	370
491	404
491	444
491	458
491	485
492	76
492	109
492	131
492	133
492	136
492	143
492	144
492	171
492	175
492	186
492	188
492	193
492	194
492	195
492	207
492	215
492	225
492	228
492	243
492	244
492	245
492	250
492	251
492	316
492	318
492	326
492	357
492	388
492	425
492	461
492	466
492	471
492	478
492	487
492	488
492	489
492	490
493	76
493	93
493	95
493	127
493	136
493	186
493	188
493	195
493	196
493	205
493	206
493	232
493	234
493	241
493	244
493	250
493	292
493	353
493	368
493	379
493	381
493	404
493	416
493	441
493	444
493	452
493	455
493	458
493	470
493	499
494	188
494	470
494	495
494	496
494	497
494	498
495	76
495	83
495	155
495	175
495	186
495	188
495	215
495	425
495	450
495	452
495	466
495	470
495	479
495	481
495	494
495	496
495	497
495	498
496	93
496	188
496	470
496	494
496	495
496	497
496	498
497	76
497	84
497	93
497	136
497	175
497	177
497	188
497	195
497	215
497	234
497	241
497	322
497	353
497	367
497	370
497	426
497	444
497	446
497	462
497	470
497	479
497	480
497	494
497	495
497	496
497	498
497	499
498	76
498	88
498	95
498	106
498	136
498	165
498	177
498	186
498	188
498	195
498	215
498	225
498	234
498	241
498	243
498	292
498	345
498	367
498	416
498	423
498	444
498	451
498	455
498	466
498	470
498	473
498	475
498	478
498	479
498	481
498	494
498	495
498	496
498	497
498	499
499	72
499	75
499	76
499	88
499	93
499	95
499	111
499	136
499	140
499	146
499	165
499	168
499	172
499	175
499	178
499	188
499	195
499	213
499	215
499	225
499	232
499	234
499	241
499	243
499	251
499	265
499	292
499	299
499	300
499	316
499	322
499	335
499	336
499	340
499	345
499	353
499	355
499	357
499	367
499	381
499	383
499	400
499	416
499	418
499	423
499	426
499	444
499	446
499	448
499	450
499	451
499	452
499	455
499	456
499	458
499	462
499	466
499	470
499	472
499	475
499	478
499	479
499	480
499	481
499	487
499	488
499	493
499	497
499	498
