0,0
1,1
2,2
3,3
4,4
5,5
6,6
7,7
8,8
9,9
10,10
11,11
12,12
13,13
14,14
15,15
16,16
17,17
18,18
19,19
20,20
21,21
22,22
23,23
24,24
25,25
26,26
27,27
28,28
29,29
30,30
31,31

14,11.373556,5,9.975346,9,9.750348,31,7.588998,0,4.883578,23,1.518870,7,0.000000
17,4.103396,14,3.646757,5,2.323042,23,1.436433,9,1.299346,13,0.000000
3,2.994054,5,0.000000
6,10.113181,23,8.322810,16,8.218292,7,6.612976,4,5.894264,26,4.601781,17,4.576037,11,2.767746,20,2.703414,1,1.455881,2,1.046926,30,0.000000
14,11.121352,3,10.636572,13,10.580131,5,9.585389,31,8.578460,28,7.117989,0,6.759526,23,5.419392,6,5.166209,16,4.024427,26,1.953198,18,0.000000
7,8.300521,17,6.688855,9,3.958465,13,0.000000
22,13.035640,3,11.452171,5,4.415445,31,2.542071,0,1.534646,14,1.152860,8,0.000000
23,2.504241,7,0.000000
7,8.695686,17,7.337663,14,5.853722,5,4.121441,9,2.856145,0,1.543899,23,0.000000
28,1.482771,22,0.000000
23,1.109674,13,0.000000
28,8.246942,6,4.434027,23,3.638095,16,2.539529,9,2.503524,31,2.427484,3,1.168802,0,1.151990,29,0.000000
28,14.212545,22,12.861673,5,10.754254,17,9.964317,3,9.525918,9,8.859209,7,8.461423,29,6.630552,0,6.593893,6,5.459914,23,5.060610,13,2.526768,16,0.000000
14,16.888387,5,12.867916,31,11.071712,9,9.143309,13,7.844287,0,7.757636,28,6.394570,23,5.236311,6,4.304167,16,2.741433,3,1.408187,11,0.000000
31,6.091465,3,5.624628,5,4.507528,17,4.291105,0,3.839429,9,2.924447,23,2.727902,13,0.000000
31,8.203810,14,7.511529,0,7.146796,5,5.746345,23,5.469211,9,4.289057,13,2.955973,6,2.663963,16,1.425283,26,0.000000
17,8.816644,28,6.226314,20,5.624282,11,5.568204,1,4.458264,22,2.852044,7,2.419201,3,1.511787,29,0.000000
5,8.132437,9,6.308688,3,3.781015,0,3.748941,23,1.961051,7,1.061687,29,0.000000
23,4.852950,31,1.889040,0,0.000000
1,8.134964,16,6.895539,22,6.299753,14,5.316199,3,5.298435,13,4.970400,5,4.232996,23,4.142075,31,2.874420,9,2.852374,0,1.405916,28,1.285013,6,0.000000
23,1.663110,7,0.000000
17,4.165123,20,1.826170,12,0.000000
13,11.538463,5,11.470906,31,10.442767,0,5.797596,11,5.585311,20,4.811966,23,4.716192,9,4.581771,1,3.378204,28,2.957807,16,2.105871,22,1.942801,3,0.000000
7,8.334178,29,7.056902,23,6.423012,9,5.685184,14,5.394464,5,4.167030,0,4.087919,6,4.062030,10,2.924505,8,1.234433,4,1.065790,24,0.000000
23,1.128776,13,0.000000
2,1.099828,30,0.000000
3,9.971909,5,8.671583,31,7.133576,9,5.857502,0,3.699940,23,2.071207,16,0.000000
28,6.564084,6,4.960711,0,4.120802,23,1.987093,16,0.000000
28,9.832826,7,7.014484,17,5.952851,6,5.829301,22,4.293136,16,4.259677,14,3.443612,3,2.936496,9,2.543941,0,2.304080,5,1.671426,23,1.230691,13,1.046478,31,0.000000
7,5.576385,17,3.058813,20,2.043231,12,0.000000
17,2.900309,20,1.052234,12,0.000000
4,23.052152,26,21.948940,7,19.632448,11,18.152995,20,16.140486,1,14.705913,22,11.782070,3,10.301414,13,9.242356,5,8.182622,31,6.733072,0,4.087294,23,2.072091,9,0.000000
3,11.952038,14,10.133361,5,8.486464,13,7.833725,23,7.671417,31,6.191938,0,3.685947,28,3.553988,6,1.571423,16,0.000000
23,2.880000,3,2.373286,5,1.143978,31,0.000000
7,15.362110,14,14.525140,17,13.156036,5,11.715742,9,10.709647,0,8.945854,23,7.877254,13,6.516174,16,4.587910,3,1.919560,12,1.401203,25,0.000000
14,5.926055,5,4.661027,17,4.085487,9,2.824354,23,2.085184,13,0.000000
13,13.884793,31,12.114874,9,11.339670,0,10.202808,23,9.073958,7,7.348839,17,1.780922,21,0.000000
13,7.100681,17,5.423087,9,3.735514,23,3.141788,5,2.858597,31,1.756917,0,0.000000
28,23.358572,29,22.314230,1,21.183238,6,21.080368,16,19.874737,22,19.730590,14,19.460831,3,18.362382,5,17.310470,9,16.065228,0,13.516922,23,10.238371,7,8.423556,17,7.249525,20,5.285261,12,1.817521,15,0.000000
7,18.776884,14,18.564243,20,17.224572,17,16.758083,5,16.250164,9,14.935579,1,12.727641,22,10.917008,3,7.993634,31,5.695355,23,5.575885,0,4.409425,29,4.166223,27,3.090840,6,3.074404,2,2.957749,21,1.309640,30,0.000000
17,8.111832,9,6.853336,1,5.448580,28,5.024124,22,3.693695,3,1.199920,5,0.000000
23,3.892066,5,1.044497,9,0.000000
3,5.895125,5,4.711156,9,3.137129,13,0.000000
0,4.555259,23,3.454729,27,1.808276,31,1.622194,17,1.588885,21,0.000000
13,16.434939,31,13.990935,0,12.716869,23,2.568866,7,1.221482,11,0.000000
11,2.950284,1,1.383679,22,0.000000
7,3.456308,17,1.336019,23,1.301455,9,0.000000
6,6.010188,16,2.874988,26,1.399210,18,0.000000
17,7.025206,31,5.938607,14,5.416425,5,3.887364,0,3.331019,23,2.217282,9,1.553046,13,0.000000
28,9.688014,22,7.407752,3,5.196116,5,3.889377,31,0.000000
23,7.743777,31,6.708850,5,6.629981,0,5.272299,9,4.926128,10,4.666074,13,3.648019,4,3.582702,16,1.108965,26,0.000000
14,3.809068,2,1.894649,30,0.000000
31,10.409561,0,8.718680,13,6.408739,10,6.387174,14,6.336113,23,5.889238,16,4.646902,4,4.570300,7,3.909076,17,3.685364,5,2.923563,3,2.739686,26,2.373647,9,1.863953,11,1.179199,1,0.000000
28,21.977838,6,19.346489,0,19.307044,23,17.923536,9,17.582758,13,15.159991,16,13.607848,3,11.565724,5,10.400932,10,6.339700,14,5.436511,20,4.677981,8,3.125639,4,2.534338,12,1.719042,24,1.452387,15,0.000000
